1.00000000  0.00450250884530125842  0.00076707348146464055  0.00026605632781203556  -0.00000035174423541454  0.00000517762777222281  0.00000222910220557907
0.000000160359205  0.35726020644727541518  -0.09154904243051842990  -0.08598103998694037053  0.00336784566219378527  0.02488934284224928990  0.01294407158679596663
0.00000244783834  0.60824943318560406033  -0.34913244319590053792  -0.19554434578540693592  0.01095242010990883868  0.01561250673986247038  0.00632887645174666542
0.00000304043263  0.11601490913916648627  -0.92660555364038517604  -0.40180627760698804496  0.01681162005220228976  0.00174313168798203152  0.00075597376713614610
0.000000322715145  -0.11468858243909270380  -1.32836653083348816476  -0.60615518941938081574  0.01448200480794474793  0.00023728549236071136  -0.00028374983610239698
0.000954791938  -5.38420940699214597622  -0.83124765616108382433  -0.22509475703354987777  0.00109236329121849772  -0.00652329419119226767  -0.00282301226721943903
0.000285885981  7.88988993382281817537  4.59571072692601301962  1.55843151672508969735  -0.00321720349109366378  0.00433063223355569175  0.00192641746379945286
0.0000436624404  -18.26990081497826660524  -1.16271158021904696130  -0.25036954074255487461  0.00022154016562741063  -0.00376765355824616179  -0.00165324380492239354
0.0000515138902  -16.05954509192446441763  -23.94294829087950141524  -9.40042278035400838599  0.00264312279157656145  -0.00150349208075879462  -0.00068127100487234772
0.000000739644970 -30.48782211215555045830  -0.87324543019672926542  8.91129698418475509659  0.00032256219593323324  -0.00314874792755160542  -0.00108017793159369583
