-8.825424006106066255e-01
-8.902729747502567959e-01
-8.972917198795098415e-01
-9.032188385907189421e-01
-9.078211124428549050e-01
-9.110348106025270010e-01
-9.129819724837091588e-01
-9.139776023765505686e-01
-9.145158869006561053e-01
-9.152146251872337324e-01
-9.167006249590783362e-01
-9.194485791187615442e-01
-9.236344393320610191e-01
-9.290855703806878418e-01
-9.353613490104306649e-01
-9.419133247222011285e-01
-9.482372271096471961e-01
-9.539627016400904491e-01
-9.588786205064533386e-01
-9.629180114186227657e-01
-9.661267038721497169e-01
-9.686305666734205122e-01
-9.706080579048408374e-01
-9.722695039096217462e-01
-9.738407823700014898e-01
-9.755464754326342858e-01
-9.775874422402619501e-01
-9.801117886392402001e-01
-9.831855910224623907e-01
-9.867758010283035341e-01
-9.907566750181198145e-01
-9.949416556819321578e-01
-9.991309498208401640e-01
-1.003159135022433812e+00
-1.006929436180942661e+00
-1.010427873807987931e+00
-1.013716408103633393e+00
-1.016907968258589090e+00
-1.020129247922067384e+00
-1.023480579607769281e+00
-1.027004738854793375e+00
-1.030674873441500772e+00
-1.034404463299675392e+00
-1.038072943071432386e+00
-1.041555616028815301e+00
-1.044748334860837957e+00
-1.047583001309558615e+00
-1.050034622043457322e+00
-1.052122467576790843e+00
-1.053907526902853720e+00
-1.055487365747620698e+00
-1.056988584738136616e+00
-1.058556607915061676e+00
-1.060342481735716547e+00
-1.062486670224654484e+00
-1.065100518765909055e+00
-1.068247195718051268e+00
-1.071925401694125535e+00
-1.076060373195111941e+00
-1.080506599545689728e+00
-1.085064299847674718e+00
-1.089507500214499380e+00
-1.093617620290521231e+00
-1.097215140849255421e+00
-1.100183676652539466e+00
-1.102483984534418315e+00
-1.104157977585651151e+00
-1.105323730498587675e+00
-1.106162195015439220e+00
-1.106896024709018933e+00
-1.107761528440855958e+00
-1.108976618060165453e+00
-1.110709955955744954e+00
-1.113057788217012511e+00
-1.116033761255687429e+00
-1.119573367205248804e+00
-1.123550293569324676e+00
-1.127799129485633767e+00
-1.132138681637099964e+00
-1.136391943975386010e+00
-1.140401103172518971e+00
-1.144037739043975765e+00
-1.147209252574067584e+00
-1.149862699871488481e+00
-1.151986932688509047e+00
-1.153613461647147398e+00
-1.154815874171159384e+00
-1.155707029086626259e+00
-1.156432751714472129e+00
-1.157160636620423455e+00
-1.158063200976576557e+00
-1.159296277298740963e+00
-1.160975942546636386e+00
-1.163159408164686326e+00
-1.165835622948451888e+00
-1.168928970020311819e+00
-1.172315164403190835e+00
-1.175844519884641226e+00
-1.179366184402155016e+00
-1.182748080224057974e+00
-1.185889877459464170e+00
-1.188728805759918128e+00
-1.191239608821804241e+00
-1.193430444548006841e+00
-1.195336416879049457e+00
-1.197012077895865056e+00
-1.198523871163353238e+00
-1.199943154342558493e+00
-1.201340132963059082e+00
-1.202778769086117805e+00
-1.204312555698138887e+00
-1.205981037766969077e+00
-1.207807124629877826e+00
-1.209795487144386783e+00
-1.211932506064353099e+00
-1.214188191944890471e+00
-1.216520197779223267e+00
-1.218879596507380203e+00
-1.221217675745973841e+00
-1.223492763034071507e+00
-1.225676086506965579e+00
-1.227755846612427426e+00
-1.229738929901351252e+00
-1.231649966422263542e+00
-1.233527706995074524e+00
-1.235419010949058372e+00
-1.237371121547637953e+00
-1.239423335310817054e+00
-1.241599514622105715e+00
-1.243902954396689520e+00
-1.246314740164223611e+00
-1.248795953522219948e+00
-1.251293146719842930e+00
-1.253745787682001733e+00
-1.256094130768357076e+00
-1.258286206151722597e+00
-1.260283135248861930e+00
-1.262062509388401477e+00
-1.263619940438271527e+00
-1.264969062795600285e+00
-1.266140283924266807e+00
-1.267178522600718171e+00
-1.268140104945338686e+00
-1.269088946208775104e+00
-1.270092144865211603e+00
-1.271215152344832289e+00
-1.272516745882356748e+00
-1.274044109700734007e+00
-1.275828406372531143e+00
-1.277881278395309295e+00
-1.280192736624478078e+00
-1.282730838613896696e+00
-1.285443411863927965e+00
-1.288261833482378771e+00
-1.291106577796368393e+00
-1.293893963271579350e+00
-1.296543353819950006e+00
-1.298984047178363799e+00
-1.301161203888673512e+00
-1.303040371120263607e+00
-1.304610355645756670e+00
-1.305884341298874762e+00
-1.306899213682471972e+00
-1.307713077172436122e+00
-1.308400980880862763e+00
-1.309048967569855115e+00
-1.309746754494177656e+00
-1.310579631905797404e+00
-1.311620449036600133e+00
-1.312922731441293456e+00
-1.314515925324842627e+00
-1.316403450493007332e+00
-1.318563730352377839e+00
-1.320953813916465380e+00
-1.323514788427268662e+00
-1.326178012772438963e+00
-1.328871284012011156e+00
-1.331524297385070277e+00
-1.334073059732807209e+00
-1.336463175721503083e+00
-1.338652099814815033e+00
-1.340610529801351092e+00
-1.342323128158755541e+00
-1.343788720379665014e+00
-1.345020056302164813e+00
-1.346043147829632858e+00
-1.346896127299366697e+00
-1.347627518608013553e+00
-1.348293794381827837e+00
-1.348956125667763128e+00
-1.349676331271376650e+00
-1.350512203525650268e+00
-1.351512601124472468e+00
-1.352712900351165537e+00
-1.354131503852604723e+00
-1.355768049503220940e+00
-1.357603717901895823e+00
-1.359603656895588264e+00
-1.361721138703543943e+00
-1.363902766077724316e+00
-1.366093929471634993e+00
-1.368243792054304908e+00
-1.370309283501301323e+00
-1.372257831595017574e+00
-1.374068781913108328e+00
-1.375733613685190537e+00
-1.377255150346809787e+00
-1.378646001729204151e+00
-1.379926481171807495e+00
-1.381122230319722588e+00
-1.382261764305927398e+00
-1.383374121712556803e+00
-1.384486766583391093e+00
-1.385623845348264105e+00
-1.386804855191540398e+00
-1.388043740053024999e+00
-1.389348402972919061e+00
-1.390720611127090889e+00
-1.392156268851555190e+00
-1.393646036174143177e+00
-1.395176267526267777e+00
-1.396730232719325615e+00
-1.398289560736661441e+00
-1.399835821725849527e+00
-1.401352140736899177e+00
-1.402824723782141847e+00
-1.404244175031621911e+00
-1.405606492588283629e+00
-1.406913646809553331e+00
-1.408173667312328847e+00
-1.409400192087959747e+00
-1.410611466095030853e+00
-1.411828819901458143e+00
-1.413074712959320856e+00
-1.414370488671859549e+00
-1.415734051273868088e+00
-1.417177723077799989e+00
-1.418706556843071898e+00
-1.420317346909595546e+00
-1.421998500113333730e+00
-1.423730805275323474e+00
-1.425489005018844679e+00
-1.427243958878497088e+00
-1.428965119000876083e+00
-1.430623030055028000e+00
-1.432191605831783621e+00
-1.433650006310467351e+00
-1.434984017447384241e+00
-1.436186903408996018e+00
-1.437259748228538747e+00
-1.438211330213363226e+00
-1.439057582710149052e+00
-1.439820695997642286e+00
-1.440527913585469610e+00
-1.441210076600992096e+00
-1.441899974427293785e+00
-1.442630568319091866e+00
-1.443433165733762014e+00
-1.444335633992927193e+00
-1.445360749825401747e+00
-1.446524783878806231e+00
-1.447836414679249506e+00
-1.449296053837196618e+00
-1.450895643397542401e+00
-1.452618957762668472e+00
-1.454442408199682957e+00
-1.456336310424931613e+00
-1.458266539254623018e+00
-1.460196463703422154e+00
-1.462089035750184340e+00
-1.463908899104248373e+00
-1.465624390778671238e+00
-1.467209325287070154e+00
-1.468644473977891440e+00
-1.469918675088581761e+00
-1.471029529413600656e+00
-1.471983650277271183e+00
-1.472796445827268430e+00
-1.473491420006826980e+00
-1.474098990858054847e+00
-1.474654845940277959e+00
-1.475197887652883733e+00
-1.475767865526459222e+00
-1.476402842598831811e+00
-1.477136688493223105e+00
-1.477996819553013319e+00
-1.479002404147332639e+00
-1.480163212578902820e+00
-1.481479218840533241e+00
-1.482940968659649306e+00
-1.484530634250378789e+00
-1.486223600697993419e+00
-1.487990385698754858e+00
-1.489798687604503957e+00
-1.491615381096360604e+00
-1.493408324002381882e+00
-1.495147889908728711e+00
-1.496808188595566413e+00
-1.498367973314686408e+00
-1.499811258014060567e+00
-1.501127679418534200e+00
-1.502312640766105600e+00
-1.503367268959117542e+00
-1.504298207811911370e+00
-1.505117259486062453e+00
-1.505840876274000095e+00
-1.506489497580857373e+00
-1.507086724115563214e+00
-1.507658324629779223e+00
-1.508231081284822972e+00
-1.508831498156772755e+00
-1.509484422165253914e+00
-1.510211653366418050e+00
-1.511030646495874041e+00
-1.511953420992379282e+00
-1.512985796001030891e+00
-1.514127046206087179e+00
-1.515370034487957707e+00
-1.516701824239596430e+00
-1.518104717621914901e+00
-1.519557617221052537e+00
-1.521037576543587067e+00
-1.522521394022133379e+00
-1.523987114858619929e+00
-1.525415330033280004e+00
-1.526790195056155541e+00
-1.528100125704806800e+00
-1.529338159096538696e+00
-1.530501993418311057e+00
-1.531593738024551232e+00
-1.532619418277904266e+00
-1.533588287771484371e+00
-1.534512005538678503e+00
-1.535403738077771196e+00
-1.536277245487936760e+00
-1.537146007430196804e+00
-1.538022437781488394e+00
-1.538917226969743535e+00
-1.539838838895816409e+00
-1.540793176415725885e+00
-1.541783417129359401e+00
-1.542810011042180518e+00
-1.543870824315314083e+00
-1.544961408870430208e+00
-1.546075375536553054e+00
-1.547204847858442811e+00
-1.548340973777069918e+00
-1.549474472542954340e+00
-1.550596194187116250e+00
-1.551697668711468747e+00
-1.552771622100489246e+00
-1.553812436554540266e+00
-1.554816533188909888e+00
-1.555782656928218710e+00
-1.556712045501254416e+00
-1.557608467377962214e+00
-1.558478117345894143e+00
-1.559329363462977458e+00
-1.560172345675763239e+00
-1.561018434735023774e+00
-1.561879570225296554e+00
-1.562767508175818776e+00
-1.563693020865709604e+00
-1.564665102453622669e+00
-1.565690241816938055e+00
-1.566771826210544560e+00
-1.567909734235737762e+00
-1.569100163434673956e+00
-1.570335717476291748e+00
-1.571605752938611378e+00
-1.572896959928854699e+00
-1.574194128385974834e+00
-1.575481036352149200e+00
-1.576741389701240337e+00
-1.577959744785377705e+00
-1.579122354535849926e+00
-1.580217892042261152e+00
-1.581238020640901132e+00
-1.582177793659023779e+00
-1.583035878650617345e+00
-1.583814609632511416e+00
-1.584519876676825811e+00
-1.585160865916787731e+00
-1.585749665446513301e+00
-1.586300754551830838e+00
-1.586830395784963876e+00
-1.587355951871083137e+00
-1.587895152273410160e+00
-1.588465337141023781e+00
-1.589082708836144109e+00
-1.589761622736862501e+00
-1.590513949042227537e+00
-1.591348535528831709e+00
-1.592270797499647950e+00
-1.593282455641250817e+00
-1.594381435489369503e+00
-1.595561934174535956e+00
-1.596814651648839289e+00
-1.598127175280808610e+00
-1.599484499129489645e+00
-1.600869652891771189e+00
-1.602264410876909739e+00
-1.603650048666116268e+00
-1.605008114435225730e+00
-1.606321183106603545e+00
-1.607573564194387572e+00
-1.608751937900712470e+00
-1.609845898131784248e+00
-1.610848385101358415e+00
-1.611755993700065170e+00
-1.612569146691064104e+00
-1.613292124175548903e+00
-1.613932943042485801e+00
-1.614503082853836702e+00
-1.615017058474927492e+00
-1.615491845317201358e+00
-1.615946170635526924e+00
-1.616399693793690862e+00
-1.616872109086189058e+00
-1.617382215283298841e+00
-1.617947004768300889e+00
-1.618580829995219794e+00
-1.619294704308872568e+00
-1.620095786984571795e+00
-1.620987088848702129e+00
-1.621967416486850944e+00
-1.623031552339953443e+00
-1.624170647966346026e+00
-1.625372791285222274e+00
-1.626623697798226464e+00
-1.627907471511470305e+00
-1.629207383217440075e+00
-1.630506620636822168e+00
-1.631788974819999405e+00
-1.633039438252488873e+00
-1.634244700677107476e+00
-1.635393537612930270e+00
-1.636477093328540189e+00
-1.637489064489044743e+00
-1.638425793049106627e+00
-1.639286277607889808e+00
-1.640072111856611059e+00
-1.640787357419692505e+00
-1.641438356764053585e+00
-1.642033490324673606e+00
-1.642582880912554444e+00
-1.643098048125052557e+00
-1.643591516096812422e+00
-1.644076379653341302e+00
-1.644565836773248746e+00
-1.645072699071379763e+00
-1.645608896415332367e+00
-1.646184996194415717e+00
-1.646809761405501060e+00
-1.647489773758151532e+00
-1.648229147663935024e+00
-1.649029357757509473e+00
-1.649889196425024185e+00
-1.650804869133883468e+00
-1.651770225106007350e+00
-1.652777110333623289e+00
-1.653815820473462317e+00
-1.654875623958502517e+00
-1.655945321511067547e+00
-1.657013807373673764e+00
-1.658070599727939021e+00
-1.659106312295203001e+00
-1.660113045157287859e+00
-1.661084679550572263e+00
-1.662017068063841529e+00
-1.662908117825631304e+00
-1.663757769646484252e+00
-1.664567880618822437e+00
-1.665342021417727247e+00
-1.666085202570697810e+00
-1.666803546326766305e+00
-1.667503922446265552e+00
-1.668193567178289927e+00
-1.668879704781613071e+00
-1.669569190073278087e+00
-1.670268188615679161e+00
-1.670981908339938649e+00
-1.671714392835794261e+00
-1.672468382510498230e+00
-1.673245245692726701e+00
-1.674044977898522912e+00
-1.674866264192835130e+00
-1.675706597073395088e+00
-1.676562440646589103e+00
-1.677429431010564853e+00
-1.678302602573750413e+00
-1.679176630336370657e+00
-1.680046078764053430e+00
-1.680905648629265503e+00
-1.681750413975011238e+00
-1.682576042099089175e+00
-1.683378990139007492e+00
-1.684156672459395043e+00
-1.684907593626681965e+00
-1.685631442334070584e+00
-1.686329142257404268e+00
-1.687002856532627160e+00
-1.687655943410256709e+00
-1.688292861730047223e+00
-1.688919026238065557e+00
-1.689540614495080639e+00
-1.690164329227112905e+00
-1.690797122424887444e+00
-1.691445890218106207e+00
-1.692117150357762778e+00
-1.692816716771873065e+00
-1.693549387780133086e+00
-1.694318665787472700e+00
-1.695126526272999534e+00
-1.695973252391677066e+00
-1.696857348420097722e+00
-1.697775540733396538e+00
-1.698722869359991172e+00
-1.699692866985095696e+00
-1.700677816237575524e+00
-1.701669070871082656e+00
-1.702657422591343561e+00
-1.703633493123484222e+00
-1.704588130732529683e+00
-1.705512791634390624e+00
-1.706399889203811693e+00
-1.707243097141250665e+00
-1.708037596338444875e+00
-1.708780258688802789e+00
-1.709469764247214751e+00
-1.710106650809701589e+00
-1.710693297131420598e+00
-1.711233842696847418e+00
-1.711734048315460832e+00
-1.712201102971978584e+00
-1.712643383427343124e+00
-1.713070174121189559e+00
-1.713491355992542875e+00
-1.713917073882962994e+00
-1.714357393137861063e+00
-1.714821956767261568e+00
-1.715319654944231331e+00
-1.715858318594482679e+00
-1.716444448282253177e+00
-1.717082988490300721e+00
-1.717777155746619044e+00
-1.718528326943468354e+00
-1.719335991748438097e+00
-1.720197770376548974e+00
-1.721109495343572160e+00
-1.722065353314972569e+00
-1.723058080942382997e+00
-1.724079206749108639e+00
-1.725119329759171150e+00
-1.726168424693196091e+00
-1.727216163173478591e+00
-1.728252240450425692e+00
-1.729266697615502668e+00
-1.730250230013200330e+00
-1.731194473506334486e+00
-1.732092261284292167e+00
-1.732937844942307182e+00
-1.733727074532425583e+00
-1.734457533154910358e+00
-1.735128622420004874e+00
-1.735741595800112558e+00
-1.736299537582698171e+00
-1.736807285922865596e+00
-1.737271299493571286e+00
-1.737699468547989845e+00
-1.738100872922411888e+00
-1.738485491647457692e+00
-1.738863871354172197e+00
-1.739246763423120790e+00
-1.739644742597967531e+00
-1.740067822258314578e+00
-1.740525083361010861e+00
-1.741024334861899669e+00
-1.741571822939333547e+00
-1.742172004410607711e+00
-1.742827396400868478e+00
-1.743538509831153327e+00
-1.744303869058672740e+00
-1.745120114569160386e+00
-1.745982180562466013e+00
-1.746883535101682927e+00
-1.747816467584685451e+00
-1.748772406826315073e+00
-1.749742252991478786e+00
-1.750716707804304439e+00
-1.751686589568871799e+00
-1.752643122212285576e+00
-1.753578190447583562e+00
-1.754484555951584479e+00
-1.755356031940018990e+00
-1.756187615564863913e+00
-1.756975579102611373e+00
-1.757717521957644413e+00
-1.758412386127910398e+00
-1.759060438053581699e+00
-1.759663219788559552e+00
-1.760223472295407543e+00
-1.760745033456890152e+00
-1.761232713201747346e+00
-1.761692148026736238e+00
-1.762129637215261058e+00
-1.762551963243450759e+00
-1.762966199246553067e+00
-1.763379506988860035e+00
-1.763798929509279301e+00
-1.764231183442960482e+00
-1.764682456858484016e+00
-1.765158219185993360e+00
-1.765663050315010363e+00
-1.766200496081817173e+00
-1.766772957035329217e+00
-1.767381616497740504e+00
-1.768026412510915080e+00
-1.768706056339703903e+00
-1.769418097916247490e+00
-1.770159036138238218e+00
-1.770924469495203546e+00
-1.771709280308544132e+00
-1.772507844122863219e+00
-1.773314254613356233e+00
-1.774122553842321093e+00
-1.774926957801045813e+00
-1.775722067842869123e+00
-1.776503059736498802e+00
-1.777265843511493193e+00
-1.778007188895595725e+00
-1.778724812838752500e+00
-1.779417427290253428e+00
-1.780084746982682375e+00
-1.780727458444722799e+00
-1.781347152799004574e+00
-1.781946226094881292e+00
-1.782527751973318253e+00
-1.783095332348895834e+00
-1.783652932498891008e+00
-1.784204707438275861e+00
-1.784754826694141316e+00
-1.785307304538217510e+00
-1.785865842368646872e+00
-1.786433689249600221e+00
-1.787013525644178369e+00
-1.787607374165292029e+00
-1.788216539798840543e+00
-1.788841580618472982e+00
-1.789482308611709982e+00
-1.790137818966345495e+00
-1.790806545098387437e+00
-1.791486335886850245e+00
-1.792174551035692787e+00
-1.792868170200627054e+00
-1.793563911467731309e+00
-1.794258354906573594e+00
-1.794948067191233454e+00
-1.795629723637612418e+00
-1.796300224400467327e+00
-1.796956801974098239e+00
-1.797597117522784060e+00
-1.798219343917695667e+00
-1.798822233672098925e+00
-1.799405170249871233e+00
-1.799968201483058028e+00
-1.800512054086330860e+00
-1.801038128516456727e+00
-1.801548473711768850e+00
-1.802045741578892635e+00
-1.802533121488947954e+00
-1.803014255517038311e+00
-1.803493135714977935e+00
-1.803973985347005149e+00
-1.804461126729284715e+00
-1.804958839069905840e+00
-1.805471210465091403e+00
-1.806001988912994349e+00
-1.806554437790059975e+00
-1.807131201621514638e+00
-1.807734188093646832e+00
-1.808364472040012938e+00
-1.809022226548123502e+00
-1.809706685372063362e+00
-1.810416139533369329e+00
-1.811147969421168513e+00
-1.811898711971917209e+00
-1.812664160751654929e+00
-1.813439495119725908e+00
-1.814219433252325597e+00
-1.814998402749842477e+00
-1.815770721907396190e+00
-1.816530784511710461e+00
-1.817273241214436341e+00
-1.817993171061424995e+00
-1.818686237545012130e+00
-1.819348824498227657e+00
-1.819978148175858124e+00
-1.820572342891271456e+00
-1.821130518543990551e+00
-1.821652789248054294e+00
-1.822140273043192149e+00
-1.822595063345026745e+00
-1.823020173383512077e+00
-1.823419455412472523e+00
-1.823797496968740051e+00
-1.824159496932543645e+00
-1.824511124598364509e+00
-1.824858365403207117e+00
-1.825207357362415905e+00
-1.825564222607772624e+00
-1.825934898678647222e+00
-1.826324974352669939e+00
-1.826739534788704544e+00
-1.827183020570442240e+00
-1.827659104873387452e+00
-1.828170592435016228e+00
-1.828719343305486689e+00
-1.829306223525966946e+00
-1.829931083965409711e+00
-1.830592767593005821e+00
-1.831289144522838974e+00
-1.832017173286966338e+00
-1.832772986013841976e+00
-1.833551994541735564e+00
-1.834349014001215750e+00
-1.835158400065053597e+00
-1.835974195885345495e+00
-1.836790284704332477e+00
-1.837600544218134235e+00
-1.838398998967365250e+00
-1.839179967298707030e+00
-1.839938199759959758e+00
-1.840669006132758856e+00
-1.841368368650328602e+00
-1.842033039275988049e+00
-1.842660619221512475e+00
-1.843249619159968100e+00
-1.843799498839705731e+00
-1.844310685046369969e+00
-1.844784567105692608e+00
-1.845223469393669546e+00
-1.845630600646670727e+00
-1.846009980265420403e+00
-1.846366342302312447e+00
-1.846705018421290978e+00
-1.847031801821203523e+00
-1.847352794898906136e+00
-1.847674244261481746e+00
-1.848002367523819522e+00
-1.848343177079289079e+00
-1.848702306628527747e+00
-1.849084846614176936e+00
-1.849495194766776818e+00
-1.849936927668275555e+00
-1.850412698564310121e+00
-1.850924165621540274e+00
-1.851471953487787925e+00
-1.852055649462001075e+00
-1.852673833935291725e+00
-1.853324143152668579e+00
-1.854003360892854113e+00
-1.854707534476826236e+00
-1.855432109669366891e+00
-1.856172078569074735e+00
-1.856922134489040532e+00
-1.857676828076438635e+00
-1.858430719442457191e+00
-1.859178521796706063e+00
-1.859915232920596573e+00
-1.860636251695050980e+00
-1.861337477754014813e+00
-1.862015393117060658e+00
-1.862667125329464657e+00
-1.863290492190191383e+00
-1.863884028574803287e+00
-1.864446996169552673e+00
-1.864979377140316252e+00
-1.865481852885545688e+00
-1.865955769087522143e+00
-1.866403088302538427e+00
-1.866826331338062639e+00
-1.867228508670973453e+00
-1.867613043180037291e+00
-1.867983685508679326e+00
-1.868344423447753311e+00
-1.868699386834883569e+00
-1.869052749604852792e+00
-1.869408630787144476e+00
-1.869770996419689357e+00
-1.870143564514838541e+00
-1.870529715353230760e+00
-1.870932409469651558e+00
-1.871354115707803967e+00
-1.871796751636002565e+00
-1.872261638416248264e+00
-1.872749471896113072e+00
-1.873260311247903820e+00
-1.873793585925907834e+00
-1.874348121074796758e+00
-1.874922180835114860e+00
-1.875513528296326449e+00
-1.876119500188123013e+00
-1.876737093818402924e+00
-1.877363063297121437e+00
-1.877994021754902487e+00
-1.878626546087984073e+00
-1.879257280738514169e+00
-1.879883037142219715e+00
-1.880500885725803650e+00
-1.881108237690383156e+00
-1.881702914248414515e+00
-1.882283201464147293e+00
-1.882847889358594040e+00
-1.883396294460470521e+00
-1.883928265500251831e+00
-1.884444172445213450e+00
-1.884944879552056474e+00
-1.885431703564952155e+00
-1.885906358605215161e+00
-1.886370889677836171e+00
-1.886827597051137673e+00
-1.887278954038247303e+00
-1.887727520910398749e+00
-1.888175857789444745e+00
-1.888626439388713329e+00
-1.889081574388953300e+00
-1.889543332046233148e+00
-1.890013478334489516e+00
-1.890493423537642270e+00
-1.890984182742653452e+00
-1.891486350169806485e+00
-1.892000087738015424e+00
-1.892525127731032875e+00
-1.893060788933586647e+00
-1.893606005169392148e+00
-1.894159364814212987e+00
-1.894719159588110546e+00
-1.895283440755245463e+00
-1.895850080773815893e+00
-1.896416838433654606e+00
-1.896981425581421021e+00
-1.897541573647752111e+00
-1.898095098341232578e+00
-1.898639961045800240e+00
-1.899174325638409488e+00
-1.899696609622496535e+00
-1.900205528643049480e+00
-1.900700133606838538e+00
-1.901179839775402058e+00
-1.901644447329574827e+00
-1.902094153025586820e+00
-1.902529552678150715e+00
-1.902951634320510177e+00
-1.903361762010514102e+00
-1.903761650380787263e+00
-1.904153330174705117e+00
-1.904539105171941360e+00
-1.904921501089952063e+00
-1.905303207251062503e+00
-1.905687012026296534e+00
-1.906075733301302533e+00
-1.906472145448048661e+00
-1.906878904516454476e+00
-1.907298473568053376e+00
-1.907733050242230721e+00
-1.908184498756582581e+00
-1.908654288579154645e+00
-1.909143441956731024e+00
-1.909652492329345641e+00
-1.910181455402372830e+00
-1.910729814287098538e+00
-1.911296519670200533e+00
-1.911880005451807252e+00
-1.912478219727592466e+00
-1.913088670414430759e+00
-1.913708484265219667e+00
-1.914334477519298527e+00
-1.914963236018694115e+00
-1.915591202308670304e+00
-1.916214767046333201e+00
-1.916830361966645357e+00
-1.917434551695340161e+00
-1.918024121839675411e+00
-1.918596161011995260e+00
-1.919148134726191168e+00
-1.919677949431233710e+00
-1.920184005288954276e+00
-1.920665236648101626e+00
-1.921121139501030584e+00
-1.921551785525155154e+00
-1.921957822604960509e+00
-1.922340462001802752e+00
-1.922701452590413806e+00
-1.923043042816518389e+00
-1.923367931253145313e+00
-1.923679206846640177e+00
-1.923980280148081201e+00
-1.924274807020162514e+00
-1.924566606489676479e+00
-1.924859574575035426e+00
-1.925157596048564512e+00
-1.925464456185291606e+00
-1.925783754594324382e+00
-1.926118823217482845e+00
-1.926472650506636075e+00
-1.926847813653428609e+00
-1.927246420543669236e+00
-1.927670062848766630e+00
-1.928119781357140461e+00
-1.928596044301950752e+00
-1.929098739072593327e+00
-1.929627177322352338e+00
-1.930180113119605245e+00
-1.930755773450125279e+00
-1.931351900076138328e+00
-1.931965801503830127e+00
-1.932594413611337547e+00
-1.933234367346983174e+00
-1.933882061821948106e+00
-1.934533741089609515e+00
-1.935185572919367880e+00
-1.935833727928760961e+00
-1.936474457525371839e+00
-1.937104169220928096e+00
-1.937719498005471053e+00
-1.938317372602027522e+00
-1.938895075555346681e+00
-1.939450296237161364e+00
-1.939981175971937866e+00
-1.940486344599920088e+00
-1.940964947899054049e+00
-1.941416665386459739e+00
-1.941841718117371496e+00
-1.942240866200107163e+00
-1.942615395855594729e+00
-1.942967095975508540e+00
-1.943298224280047837e+00
-1.943611463349447011e+00
-1.943909867005320979e+00
-1.944196797748896532e+00
-1.944475856219763266e+00
-1.944750803913737114e+00
-1.945025480680364183e+00
-1.945303718794282766e+00
-1.945589255641611004e+00
-1.945885647262301621e+00
-1.946196185121256361e+00
-1.946523818526085137e+00
-1.946871085052756856e+00
-1.947240051173385833e+00
-1.947632265002129603e+00
-1.948048722693569434e+00
-1.948489849559882137e+00
-1.948955496443110835e+00
-1.949444951317465424e+00
-1.949956965537356535e+00
-1.950489793623232826e+00
-1.951041245019522474e+00
-1.951608745891310948e+00
-1.952189408765145906e+00
-1.952780107671990173e+00
-1.953377556415411664e+00
-1.953978387656409410e+00
-1.954579230662386369e+00
-1.955176785792369643e+00
-1.955767894062324874e+00
-1.956349600432414348e+00
-1.956919209763107848e+00
-1.957474334683117156e+00
-1.958012934886896872e+00
-1.958533347624430210e+00
-1.959034309356574743e+00
-1.959514968723898631e+00
-1.959974891116961881e+00
-1.960414055244499743e+00
-1.960832842177513191e+00
-1.961232017406963068e+00
-1.961612706496003611e+00
-1.961976364939694628e+00
-1.962324742870489747e+00
-1.962659845270592784e+00
-1.962983888375571917e+00
-1.963299252979589182e+00
-1.963608435382449446e+00
-1.963913996752402857e+00
-1.964218511715315696e+00
-1.964524517018315208e+00
-1.964834461151247824e+00
-1.965150655838258098e+00
-1.965475230329808864e+00
-1.965810089427439511e+00
-1.966156876154425248e+00
-1.966516939940574193e+00
-1.966891311115062546e+00
-1.967280682395213365e+00
-1.967685397921104196e+00
-1.968105450217821684e+00
-1.968540485273128304e+00
