-1.500000000000000000e+00
-1.510687649481655459e+00
-1.520606411200936092e+00
-1.529308815713062542e+00
-1.536526402403639580e+00
-1.542199488842669108e+00
-1.546489196396767518e+00
-1.549769232248841444e+00
-1.552588825465805344e+00
-1.555594332307054239e+00
-1.559404234668937628e+00
-1.564457581101171613e+00
-1.570889783015390062e+00
-1.578498983125010913e+00
-1.586825048669062266e+00
-1.595298426056325658e+00
-1.603386771676476030e+00
-1.610690991075184542e+00
-1.616983048730905592e+00
-1.622201581670313475e+00
-1.626424643584364560e+00
-1.629833393309719547e+00
-1.632674712518144222e+00
-1.635226691015970291e+00
-1.637767862330405721e+00
-1.640548642428612869e+00
-1.643762831975583927e+00
-1.647519812368321457e+00
-1.651823460408878619e+00
-1.656567731279307898e+00
-1.661556616334581626e+00
-1.666547409187203455e+00
-1.671306373836541237e+00
-1.675661469032411199e+00
-1.679539285870457643e+00
-1.682979229116338127e+00
-1.686123197385261285e+00
-1.689182625805951465e+00
-1.692388357510808961e+00
-1.695933744379234609e+00
-1.699926088618745945e+00
-1.704361641511106917e+00
-1.709131740815231115e+00
-1.714055273257488743e+00
-1.718923437194155301e+00
-1.723542120493031238e+00
-1.727763168657923565e+00
-1.731502651528640691e+00
-1.734748174807452026e+00
-1.737558120138870343e+00
-1.740054919770413377e+00
-1.742413406273560117e+00
-1.744844554475174725e+00
-1.747574705615292601e+00
-1.750820635462092767e+00
-1.754761632444146180e+00
-1.759511144926419579e+00
-1.765092391904623081e+00
-1.771423907442628565e+00
-1.778320975436583185e+00
-1.785516094537043852e+00
-1.792696297258613569e+00
-1.799549751064258851e+00
-1.805811600850727228e+00
-1.811300544680116476e+00
-1.815941535543124097e+00
-1.819773657645582743e+00
-1.822944144432941949e+00
-1.825689900868888715e+00
-1.828307933115627115e+00
-1.831116892168469734e+00
-1.834413867561360378e+00
-1.838432919635459406e+00
-1.843313079105387775e+00
-1.849082249284444535e+00
-1.855659531129880691e+00
-1.862873597071848852e+00
-1.870491180543017329e+00
-1.878248855677147944e+00
-1.885882702476436190e+00
-1.893152833937042478e+00
-1.899861870006964715e+00
-1.905867727496891817e+00
-1.911091576211534804e+00
-1.915521736717484602e+00
-1.919213902082455681e+00
-1.922287527117940709e+00
-1.924917700432018819e+00
-1.927321508533010430e+00
-1.929738115046917724e+00
-1.932402821222374723e+00
-1.935517336343452133e+00
-1.939220910934387199e+00
-1.943568723144494026e+00
-1.948523558158970159e+00
-1.953963767555260134e+00
-1.959705764089880953e+00
-1.965535171403225867e+00
-1.971239150967488474e+00
-1.976633649277983462e+00
-1.981582090083852998e+00
-1.986004787721745046e+00
-1.989880156806610234e+00
-1.993239556104940524e+00
-1.996157696838958051e+00
-1.998740366713207095e+00
-2.001110997136727576e+00
-2.003397380012073459e+00
-2.005719583034092590e+00
-2.008179797730315297e+00
-2.010854534667798177e+00
-2.013789355465473108e+00
-2.016996265505100361e+00
-2.020453940405550153e+00
-2.024110980381218283e+00
-2.027892232796990157e+00
-2.031707854263649082e+00
-2.035464302857132424e+00
-2.039076040894699737e+00
-2.042476537029392247e+00
-2.045627219508526551e+00
-2.048523281080041336e+00
-2.051195564778057534e+00
-2.053708102712308747e+00
-2.056151246307501346e+00
-2.058630781432995605e+00
-2.061254022247493989e+00
-2.064114587800601530e+00
-2.067278199305705222e+00
-2.070772083893117621e+00
-2.074580148277789693e+00
-2.078644949473991588e+00
-2.082875958183141307e+00
-2.087162247372010171e+00
-2.091387037168908059e+00
-2.095441634227298344e+00
-2.099236991993248758e+00
-2.102711990338552717e+00
-2.105838260647062921e+00
-2.108621822705142979e+00
-2.111101972172302776e+00
-2.113347860307341453e+00
-2.115453145345542740e+00
-2.117529041786925248e+00
-2.119696087640787319e+00
-2.122074999190560085e+00
-2.124777078658450780e+00
-2.127894763068741479e+00
-2.131493027621919278e+00
-2.135602452181303512e+00
-2.140214783478783023e+00
-2.145281729529577408e+00
-2.150717466298403213e+00
-2.156404917235926089e+00
-2.162205344723333589e+00
-2.167970290612419859e+00
-2.173554560629684218e+00
-2.178828856612673004e+00
-2.183690820439701863e+00
-2.188073575506972901e+00
-2.191951210452623755e+00
-2.195340945210803696e+00
-2.198301913923116579e+00
-2.200930620525180625e+00
-2.203353239642859229e+00
-2.205715120833539267e+00
-2.208168148002812803e+00
-2.210856984547487691e+00
-2.213905600992787992e+00
-2.217405686829310163e+00
-2.221408451965552366e+00
-2.225920871920837207e+00
-2.230906707051268700e+00
-2.236291830216502685e+00
-2.241972761375138123e+00
-2.247826990462165053e+00
-2.253723698223552674e+00
-2.259533767809532634e+00
-2.265138374716603398e+00
-2.270435820795910331e+00
-2.275346562664301242e+00
-2.279816552688623599e+00
-2.283819074576673991e+00
-2.287355244156275003e+00
-2.290453289985022511e+00
-2.293166655507646645e+00
-2.295570898886929001e+00
-2.297759331744533284e+00
-2.299837357295993812e+00
-2.301915562435671081e+00
-2.304101797021505416e+00
-2.306492723446553317e+00
-2.309165592487487650e+00
-2.312171214065493530e+00
-2.315529144936124606e+00
-2.319225935156743024e+00
-2.323216857284673864e+00
-2.327430974386587970e+00
-2.331778840802956054e+00
-2.336161732779859168e+00
-2.340481169211560353e+00
-2.344647602698529454e+00
-2.348587454988906753e+00
-2.352248026078357590e+00
-2.355600129623456773e+00
-2.358638550061578076e+00
-2.361380572874044681e+00
-2.363862928489306459e+00
-2.366137538541920549e+00
-2.368266479622707532e+00
-2.370316590958897685e+00
-2.372354144952792510e+00
-2.374439965607233027e+00
-2.376625315657651782e+00
-2.378948783444974069e+00
-2.381434298577337572e+00
-2.384090308291208604e+00
-2.386910067738730490e+00
-2.389872942199873673e+00
-2.392946583475262123e+00
-2.396089817702414138e+00
-2.399256059825471077e+00
-2.402397048198786411e+00
-2.405466673882826534e+00
-2.408424668258901225e+00
-2.411239913879565044e+00
-2.413893158086203972e+00
-2.416378934909262810e+00
-2.418706535013704695e+00
-2.420899904198659414e+00
-2.422996399548143387e+00
-2.425044393341475146e+00
-2.427099794227562501e+00
-2.429221656601229462e+00
-2.431467169245561166e+00
-2.433886438701100108e+00
-2.436517584974683182e+00
-2.439382712978381829e+00
-2.442485281513249618e+00
-2.445809249154623721e+00
-2.449320148283900878e+00
-2.452967969591339337e+00
-2.456691491269225924e+00
-2.460423516289916179e+00
-2.464096418634523999e+00
-2.467647442186358120e+00
-2.471023313675364097e+00
-2.474183881121159168e+00
-2.477104633540861300e+00
-2.479778072289794189e+00
-2.482213981324285612e+00
-2.484438687161860670e+00
-2.486493419962025442e+00
-2.488431896698051204e+00
-2.490317255321164325e+00
-2.492218480806033476e+00
-2.494206481672407882e+00
-2.496349997292388601e+00
-2.498711538012617694e+00
-2.501343576761688503e+00
-2.504285217314887735e+00
-2.507559556530614131e+00
-2.511171932766375736e+00
-2.515109209073060903e+00
-2.519340178383207451e+00
-2.523817101973182098e+00
-2.528478308169886279e+00
-2.533251694635014317e+00
-2.538058905337062576e+00
-2.542819902650859554e+00
-2.547457632654994697e+00
-2.551902488874579600e+00
-2.556096311759200823e+00
-2.559995709049913692e+00
-2.563574535416753619e+00
-2.566825419660653917e+00
-2.569760269817455089e+00
-2.572409721135388683e+00
-2.574821523953022329e+00
-2.577057905317662101e+00
-2.579191986912259260e+00
-2.581303406462475358e+00
-2.583473368285830407e+00
-2.585779431444413134e+00
-2.588290414380770343e+00
-2.591061832472297599e+00
-2.594132271342254548e+00
-2.597521024939808409e+00
-2.601227198747418257e+00
-2.605230315557521159e+00
-2.609492294803885226e+00
-2.613960538182958260e+00
-2.618571767520532667e+00
-2.623256234353627203e+00
-2.627941948499981528e+00
-2.632558638568136988e+00
-2.637041240707216794e+00
-2.641332794799538863e+00
-2.645386697243033325e+00
-2.649168310345874744e+00
-2.652655959407383524e+00
-2.655841362537561867e+00
-2.658729539650201090e+00
-2.661338240784362430e+00
-2.663696924662843024e+00
-2.665845310389258760e+00
-2.667831522085652551e+00
-2.669709851151139901e+00
-2.671538175905374679e+00
-2.673375104534047253e+00
-2.675276943249752737e+00
-2.677294633381933409e+00
-2.679470841558946770e+00
-2.681837416545474362e+00
-2.684413434177627344e+00
-2.687204029793722526e+00
-2.690200162436372278e+00
-2.693379371270443912e+00
-2.696707484151475764e+00
-2.700141138247972528e+00
-2.703630890792714681e+00
-2.707124647781762317e+00
-2.710571125396860737e+00
-2.713923080377528052e+00
-2.717140092461736600e+00
-2.720190742512022641e+00
-2.723054092968759665e+00
-2.725720434891172772e+00
-2.728191314074907670e+00
-2.730478886988192855e+00
-2.732604687042432534e+00
-2.734597905100166315e+00
-2.736493306623891453e+00
-2.738328921746941091e+00
-2.740143652801719121e+00
-2.741974944717377127e+00
-2.743856655537667333e+00
-2.745817246429645309e+00
-2.747878383862787377e+00
-2.750054013721705992e+00
-2.752349931754689116e+00
-2.754763841039730821e+00
-2.757285858493155661e+00
-2.759899410921239582e+00
-2.762582447224239512e+00
-2.765308886309313596e+00
-2.768050218519461758e+00
-2.770777180257014027e+00
-2.773461425561470239e+00
-2.776077123725256612e+00
-2.778602418041560718e+00
-2.781020687202245156e+00
-2.783321557590802797e+00
-2.785501621748971868e+00
-2.787564825779702993e+00
-2.789522496731524637e+00
-2.791392990688482456e+00
-2.793200954190316665e+00
-2.794976206645063410e+00
-2.796752270317466760e+00
-2.798564597491211892e+00
-2.800448570768689471e+00
-2.802437380143712797e+00
-2.804559905982946244e+00
-2.806838755729214263e+00
-2.809288608920660568e+00
-2.811915015712113330e+00
-2.814713766378930337e+00
-2.817670904497142637e+00
-2.820763399563173124e+00
-2.823960433704826745e+00
-2.827225201120911358e+00
-2.830517076327723203e+00
-2.833793983622081569e+00
-2.837014796814380180e+00
-2.840141612774703006e+00
-2.843141769474592628e+00
-2.845989512738138494e+00
-2.848667250092886238e+00
-2.851166360758103480e+00
-2.853487555716524682e+00
-2.855640800575977245e+00
-2.857644827420475320e+00
-2.859526271628606953e+00
-2.861318477361421309e+00
-2.863060022444996466e+00
-2.864793020492110820e+00
-2.866561265479369069e+00
-2.868408291183474734e+00
-2.870375424000765285e+00
-2.872499911615127743e+00
-2.874813210638076377e+00
-2.877339512850689118e+00
-2.880094581559890621e+00
-2.883084956859488734e+00
-2.886307571771957292e+00
-2.889749801286053632e+00
-2.893389944474880515e+00
-2.897198117666940576e+00
-2.901137515619620189e+00
-2.905165979324402237e+00
-2.909237794760330953e+00
-2.913305637542046966e+00
-2.917322574408902636e+00
-2.921244033715358235e+00
-2.925029662788734441e+00
-2.928644999062373078e+00
-2.932062892902192797e+00
-2.935264631708522920e+00
-2.938240726186416296e+00
-2.940991330121087266e+00
-2.943526274627124906e+00
-2.945864707250602343e+00
-2.948034336462529659e+00
-2.950070294091299061e+00
-2.952013643012064481e+00
-2.953909575315167846e+00
-2.955805366730896111e+00
-2.957748174751015924e+00
-2.959782788055955294e+00
-2.961949450149153673e+00
-2.964281886940802302e+00
-2.966805663451040243e+00
-2.969536977328708360e+00
-2.972481967133870029e+00
-2.975636574241679710e+00
-2.978986953619699118e+00
-2.982510386394500390e+00
-2.986176611576178530e+00
-2.989949469666329129e+00
-2.993788739115728070e+00
-2.997652047417003196e+00
-3.001496749823176380e+00
-3.005281686945679098e+00
-3.008968754173663829e+00
-3.012524237732947974e+00
-3.015919891856046142e+00
-3.019133747528375267e+00
-3.022150655076677683e+00
-3.024962570643888515e+00
-3.027568600982045943e+00
-3.029974822866421391e+00
-3.032193893740500634e+00
-3.034244469859195270e+00
-3.036150448024516280e+00
-3.037940047686022549e+00
-3.039644752225457047e+00
-3.041298131978664721e+00
-3.042934577037367028e+00
-3.044587974881499903e+00
-3.046290375824920460e+00
-3.048070697143462571e+00
-3.049953523294626656e+00
-3.051958063338536586e+00
-3.054097326072375829e+00
-3.056377567375668569e+00
-3.058798052361592301e+00
-3.061351157555118441e+00
-3.064022816845465513e+00
-3.066793291575511837e+00
-3.069638222483944023e+00
-3.072529901933542362e+00
-3.075438691052614804e+00
-3.078334499314792971e+00
-3.081188243879309674e+00
-3.083973211956370086e+00
-3.086666260126564865e+00
-3.089248798205282309e+00
-3.091707520236550710e+00
-3.094034860182263813e+00
-3.096229163952389118e+00
-3.098294582161858823e+00
-3.100240699312359460e+00
-3.102081925086430658e+00
-3.103836682238001465e+00
-3.105526433189661262e+00
-3.107174593738608159e+00
-3.108805386874265331e+00
-3.110442692138292387e+00
-3.112108945722734887e+00
-3.113824143255304655e+00
-3.115604990888385828e+00
-3.117464241177539286e+00
-3.119410238962336379e+00
-3.121446689995841961e+00
-3.123572652504280178e+00
-3.125782740258689518e+00
-3.128067515972019041e+00
-3.130414046452680399e+00
-3.132806586151511752e+00
-3.135227353414599794e+00
-3.137657363542860178e+00
-3.140077284172679839e+00
-3.142468281012316567e+00
-3.144812825125366196e+00
-3.147095436368319010e+00
-3.149303340998015344e+00
-3.151427024709731128e+00
-3.153460665387424200e+00
-3.155402432665511459e+00
-3.157254644105067953e+00
-3.159023770519897578e+00
-3.160720285934359719e+00
-3.162358361023503761e+00
-3.163955402884153223e+00
-3.165531448783802659e+00
-3.167108427222947498e+00
-3.168709306185406582e+00
-3.170357155620320722e+00
-3.172074158563614521e+00
-3.173880612207304885e+00
-3.175793965814608377e+00
-3.177827945708671997e+00
-3.179991817722176872e+00
-3.182289833788498168e+00
-3.184720901482693822e+00
-3.187278503518173878e+00
-3.189950879297746233e+00
-3.192721463955606964e+00
-3.195569563599444773e+00
-3.198471230426252809e+00
-3.201400289567440272e+00
-3.204329461960827352e+00
-3.207231524662074396e+00
-3.210080451569329085e+00
-3.212852482790807596e+00
-3.215527078758809498e+00
-3.218087724510152015e+00
-3.220522559239934690e+00
-3.222824815463494641e+00
-3.224993060368337883e+00
-3.227031238984287231e+00
-3.228948524674756904e+00
-3.230758987348399724e+00
-3.232481093977366271e+00
-3.234137059749346843e+00
-3.235752071670178420e+00
-3.237353409759095246e+00
-3.238969494103359992e+00
-3.240628888811588837e+00
-3.242359296086542386e+00
-3.244186574944367241e+00
-3.246133819259297226e+00
-3.248220528588116718e+00
-3.250461902503143374e+00
-3.252868284939438581e+00
-3.255444779480688666e+00
-3.258191049834246122e+00
-3.261101312343169134e+00
-3.264164519676874043e+00
-3.267364727275098524e+00
-3.270681627112651313e+00
-3.274091227267949211e+00
-3.277566650896253542e+00
-3.281079024708244418e+00
-3.284598425007828837e+00
-3.288094848715133800e+00
-3.291539177460664600e+00
-3.294904104576414028e+00
-3.298164997370299556e+00
-3.301300670173375806e+00
-3.304294047031387294e+00
-3.307132696356638757e+00
-3.309809223218701302e+00
-3.312321508178141194e+00
-3.314672784694340457e+00
-3.316871550288993831e+00
-3.318931310004962221e+00
-3.320870154476350145e+00
-3.322710179311619161e+00
-3.324476757608685329e+00
-3.326197683268062644e+00
-3.327902209179189441e+00
-3.329620010964859489e+00
-3.331380113226886763e+00
-3.333209820439306359e+00
-3.335133698009827619e+00
-3.337172649847980566e+00
-3.339343136493047481e+00
-3.341656572230683686e+00
-3.344118930830251024e+00
-3.346730578160837410e+00
-3.349486336963318323e+00
-3.352375775685559667e+00
-3.355383700807817782e+00
-3.358490821642715840e+00
-3.361674549035093218e+00
-3.364909885152383318e+00
-3.368170360656556284e+00
-3.371428977616075517e+00
-3.374659120911217336e+00
-3.377835406830184350e+00
-3.380934444258467231e+00
-3.383935490634102816e+00
-3.386820991138607795e+00
-3.389576995062652642e+00
-3.392193447750416091e+00
-3.394664359961113043e+00
-3.396987858977899677e+00
-3.399166127504215318e+00
-3.401205237515133373e+00
-3.403114886985770582e+00
-3.404908047998904230e+00
-3.406600535312910516e+00
-3.408210505187303063e+00
-3.409757895212399692e+00
-3.411263817119895680e+00
-3.412749916056274646e+00
-3.414237711516675766e+00
-3.415747936937949092e+00
-3.417299896651896596e+00
-3.418910860269750884e+00
-3.420595515341511739e+00
-3.422365499041369663e+00
-3.424229028439320643e+00
-3.426190646471194423e+00
-3.428251096970674094e+00
-3.430407337175117810e+00
-3.432652690210240110e+00
-3.434977133580073616e+00
-3.437367713116694645e+00
-3.439809065694198864e+00
-3.442284028767939486e+00
-3.444774310853516042e+00
-3.447261194659390515e+00
-3.449726243817526239e+00
-3.452151984943974128e+00
-3.454522538902065065e+00
-3.456824178345744514e+00
-3.459045792566877608e+00
-3.461179245048104924e+00
-3.463219613669955343e+00
-3.465165308042261749e+00
-3.467018062800302669e+00
-3.468782809858546479e+00
-3.470467436520768167e+00
-3.472082439988828817e+00
-3.473640492166956584e+00
-3.475155931668646225e+00
-3.476644202505748904e+00
-3.478121260945023607e+00
-3.479602973305048863e+00
-3.481104527885580779e+00
-3.482639883651239554e+00
-3.484221276669345446e+00
-3.485858802646951027e+00
-3.487560090337537666e+00
-3.489330076297470384e+00
-3.491170886743287127e+00
-3.493081827412916063e+00
-3.495059477691169647e+00
-3.497097881112966711e+00
-3.499188820932149113e+00
-3.501322166879702991e+00
-3.503486277581840724e+00
-3.505668442331245416e+00
-3.507855345902700428e+00
-3.510033540733014323e+00
-3.512189911880623683e+00
-3.514312121580414505e+00
-3.516389021769647183e+00
-3.518411024565250678e+00
-3.520370422237605545e+00
-3.522261649701222908e+00
-3.524081483908942047e+00
-3.525829175800480719e+00
-3.527506511646584020e+00
-3.529117801790691900e+00
-3.530669795974924252e+00
-3.532171525704272508e+00
-3.533634075507358308e+00
-3.535070286539175655e+00
-3.536494397767961040e+00
-3.537921631995277760e+00
-3.539367736141652454e+00
-3.540848487514657528e+00
-3.542379180043044862e+00
-3.543974106547405079e+00
-3.545646054828268223e+00
-3.547405836470814755e+00
-3.549261867579653451e+00
-3.551219819987641912e+00
-3.553282359713104910e+00
-3.555448986543936485e+00
-3.557715984689218569e+00
-3.560076489658481336e+00
-3.562520671208565748e+00
-3.565036026715843409e+00
-3.567607774096665629e+00
-3.570219328802592962e+00
-3.572852845784546538e+00
-3.575489804872753474e+00
-3.578111616853574262e+00
-3.580700227609881381e+00
-3.583238698888863816e+00
-3.585711746351204710e+00
-3.588106218278307669e+00
-3.590411501405227135e+00
-3.592619843569211824e+00
-3.594726586029199922e+00
-3.596730301291580112e+00
-3.598632835003175323e+00
-3.600439252925921707e+00
-3.602157696209423499e+00
-3.603799150169034959e+00
-3.605377133605597972e+00
-3.606907317406832458e+00
-3.608407082768698260e+00
-3.609895030861141940e+00
-3.611390457102281459e+00
-3.612912804339468487e+00
-3.614481110088295868e+00
-3.616113463467352851e+00
-3.617826487507588062e+00
-3.619634862047149237e+00
-3.621550901409613665e+00
-3.623584199504747527e+00
-3.625741352924555461e+00
-3.628025770109776893e+00
-3.630437571842197286e+00
-3.632973585308983289e+00
-3.635627430931696491e+00
-3.638389698199418376e+00
-3.641248204025841151e+00
-3.644188324775903709e+00
-3.647193391162526055e+00
-3.650245133750185111e+00
-3.653324165839176629e+00
-3.656410490031890781e+00
-3.659484014763348281e+00
-3.662525067455515870e+00
-3.665514891657129404e+00
-3.668436116480109810e+00
-3.671273187762153167e+00
-3.674012751601776650e+00
-3.676643982168096514e+00
-3.679158846941025018e+00
-3.681552303765913692e+00
-3.683822425308031612e+00
-3.685970447684289830e+00
-3.688000741266491023e+00
-3.689920702937486308e+00
-3.691740570488860840e+00
-3.693473161421737316e+00
-3.695133540182619303e+00
-3.696738619841826612e+00
-3.698306706377942454e+00
-3.699856996003054732e+00
-3.701409038242911897e+00
-3.702982179625281312e+00
-3.704595004648955747e+00
-3.706264792008646225e+00
-3.708007004646410198e+00
-3.709834831927867338e+00
-3.711758800997545293e+00
-3.713786472127449834e+00
-3.715922229704395008e+00
-3.718167176567914289e+00
-3.720519134958462981e+00
-3.722972752671540597e+00
-3.725519708469211544e+00
-3.728149006695857359e+00
-3.730847347650924739e+00
-3.733599557781765554e+00
-3.736389062275104145e+00
-3.739198382150382027e+00
-3.742009638410277894e+00
-3.744805047034210688e+00
-3.747567390419501709e+00
-3.750280453076118015e+00
-3.752929411766530166e+00
-3.755501172679611255e+00
-3.757984650500590718e+00
-3.760370986293435802e+00
-3.762653702893458352e+00
-3.764828797998331478e+00
-3.766894776355486307e+00
-3.768852623404225000e+00
-3.770705723485809457e+00
-3.772459726334195462e+00
-3.774122366053850541e+00
-3.775703237225052966e+00
-3.777213533189160977e+00
-3.778665751985039734e+00
-3.780073375849973161e+00
-3.781450530668651666e+00
-3.782811632244102995e+00
-3.784171026753783806e+00
-3.785542633209431074e+00
-3.786939596116983608e+00
-3.788373956780926033e+00
-3.789856351759468556e+00
-3.791395746797063815e+00
-3.792999214089595839e+00
-3.794671759938945232e+00
-3.796416208710894580e+00
-3.798233147532064535e+00
-3.800120934384302984e+00
-3.802075770243909858e+00
-3.804091833758923791e+00
-3.806161474769638620e+00
-3.808275460874344542e+00
-3.810423269340946550e+00
-3.812593415069836844e+00
-3.814773804105722643e+00
-3.816952101428471522e+00
-3.819116101445147127e+00
-3.821254089745845572e+00
-3.823355185235853604e+00
-3.825409652657653314e+00
-3.827409176698271409e+00
-3.829347090267422260e+00
-3.831218551061146282e+00
-3.833020662134937417e+00
-3.834752533852907597e+00
-3.836415286220887122e+00
-3.838011992227694957e+00
-3.839547564393220647e+00
-3.841028588239754349e+00
-3.842463107847484238e+00
-3.843860370003241655e+00
-3.845230534672110956e+00
-3.846584360573741979e+00
-3.847932875481265835e+00
-3.849287041428976597e+00
-3.850657425265783917e+00
-3.852053884884054202e+00
-3.853485280962524850e+00
-3.854959223183790140e+00
-3.856481858643471483e+00
-3.858057708607917302e+00
-3.859689557973623231e+00
-3.861378399826783436e+00
-3.863123435499542069e+00
-3.864922128576444127e+00
-3.866770309518718918e+00
-3.868662326027511700e+00
-3.870591233020132194e+00
-3.872549015179818088e+00
-3.874526834467853842e+00
-3.876515294741617712e+00
-3.878504715669225611e+00
-3.880485408423350435e+00
-3.882447946119373050e+00
-3.884383422580749645e+00
-3.886283693715484766e+00
-3.888141596527233901e+00
-3.889951141527290268e+00
-3.891707675034473901e+00
-3.893408008533709275e+00
-3.895050512905230189e+00
-3.896635175937372519e+00
-3.898163622105532689e+00
-3.899639094151621244e+00
-3.901066396548198867e+00
-3.902451801496477302e+00
-3.903802918703188851e+00
-3.905128530820683785e+00
-3.906438397125169715e+00
-3.907743028750573444e+00
-3.909053439582389267e+00
-3.910380877729686233e+00
-3.911736543306106650e+00
-3.913131299023972165e+00
-3.914575380791809778e+00
-3.916078116050339286e+00
-3.917647657927535665e+00
-3.919290743383976761e+00
-3.921012483306943963e+00
-3.922816191961176813e+00
-3.924703262300688777e+00
-3.926673092398937026e+00
-3.928723066699581157e+00
-3.930848593989557660e+00
-3.933043202035660268e+00
-3.935298686807702673e+00
-3.937605312246548195e+00
-3.939952054732765774e+00
-3.942326884868974091e+00
-3.944717077982900388e+00
-3.947109543939200549e+00
-3.949491166436536638e+00
-3.951849141953621469e+00
-3.954171308859343092e+00
-3.956446457863536104e+00
-3.958664615890187921e+00
-3.960817296533011955e+00
-3.962897711436394133e+00
-3.964900938172712941e+00
-3.966824041412233992e+00
-3.968666145369806664e+00
-3.970428456642782322e+00
-3.972114237617738741e+00
-3.973728731619624810e+00
-3.975279041910936950e+00
-3.976773967527584830e+00
-3.978223799767753199e+00
-3.979640083931619721e+00
-3.981035351638622544e+00
-3.982422829713426538e+00
-3.983816132213430894e+00
-3.985228942645827388e+00
-3.986674693763575306e+00
-3.988166252509409926e+00
-3.989715617670115844e+00
-3.991333637590359196e+00
-3.993029754866023850e+00
-3.994811784291576906e+00
-3.996685729487077232e+00
-3.998655642602837901e+00
-4.000723530329102218e+00
-4.002889308169050864e+00
-4.005150803616197130e+00
-4.007503807564262388e+00
-4.009942172019881568e+00
-4.012457951032228465e+00
-4.015041580737404914e+00
-4.017682093568172519e+00
-4.020367361019942187e+00
-4.023084358899262192e+00
-4.025819448709119897e+00
-4.028558668734774528e+00
-4.031288028466368800e+00
-4.033993800206774338e+00
-4.036662802038915032e+00
-4.039282666739065775e+00
-4.041842091695445838e+00
-4.044331065401626901e+00
-4.046741066622592697e+00
-4.049065232863616970e+00
-4.051298495299808344e+00
-4.053437677844216935e+00
-4.055481558547331389e+00
-4.057430892037919179e+00
-4.059288392245305133e+00
-4.061058675199715751e+00
-4.062748162303715382e+00
-4.064364945116207828e+00
-4.065918613399222892e+00
-4.067420048948801714e+00
-4.068881188559050344e+00
-4.070314760336895432e+00
-4.071733998468015869e+00
-4.073152342394496195e+00
-4.074583127155104734e+00
-4.076039272305846062e+00
-4.077532977324171526e+00
-4.079075431649359373e+00
-4.080676547475865945e+00
-4.082344723060979064e+00
-4.084086643616586798e+00
-4.085907125833914577e+00
-4.087809010770652840e+00
-4.089793108267284261e+00
-4.091858194329541121e+00
-4.094001061107612749e+00
-4.096216617318092723e+00
-4.098498035288466568e+00
-4.100836939343000864e+00
-4.103223629062925149e+00
-4.105647330090214098e+00
-4.108096464625544897e+00
-4.110558933594852249e+00
-4.113022402600952532e+00
-4.115474584195008667e+00
-4.117903509643248583e+00
-4.120297784167393118e+00
-4.122646820542719581e+00
-4.124941046889570195e+00
-4.127172085444655636e+00
-4.129332900009581309e+00
-4.131417910618374378e+00
-4.133423074726653823e+00
-4.135345934895004127e+00
-4.137185633518368988e+00
-4.138942895648205500e+00
-4.140619981374698888e+00
-4.142220609595042013e+00
-4.143749855303319407e+00
-4.145214022810270293e+00
-4.146620497547419681e+00
-4.147977579337926102e+00
-4.149294300230907950e+00
-4.150580230199079068e+00
-4.151845274189678747e+00
-4.153099464191450707e+00
-4.154352750128373017e+00
-4.155614793503742632e+00
-4.156894767784263145e+00
-4.158201169519632145e+00
-4.159541644125315685e+00
-4.160922830102069980e+00
-4.162350225214687782e+00
-4.163828077797151472e+00
-4.165359305889078101e+00
-4.166945446341870252e+00
-4.168586635371407390e+00
-4.170281621292987850e+00
-4.172027809375173035e+00
