0.000000000000000000e+00
1.387778780781445676e-17
5.551115123125782702e-17
0.000000000000000000e+00
5.551115123125782702e-17
0.000000000000000000e+00
-1.110223024625156540e-16
0.000000000000000000e+00
0.000000000000000000e+00
0.000000000000000000e+00
0.000000000000000000e+00
-2.220446049250313081e-16
-1.110223024625156540e-16
-2.220446049250313081e-16
-2.220446049250313081e-16
-1.110223024625156540e-16
-1.110223024625156540e-16
-1.110223024625156540e-16
-1.110223024625156540e-16
0.000000000000000000e+00
1.110223024625156540e-16
1.110223024625156540e-16
1.110223024625156540e-16
0.000000000000000000e+00
0.000000000000000000e+00
0.000000000000000000e+00
0.000000000000000000e+00
-1.110223024625156540e-16
-2.220446049250313081e-16
-2.220446049250313081e-16
-2.220446049250313081e-16
-2.775557561562891351e-16
-3.330669073875469621e-16
-3.330669073875469621e-16
-3.330669073875469621e-16
-3.330669073875469621e-16
-3.330669073875469621e-16
-3.330669073875469621e-16
-2.775557561562891351e-16
-3.053113317719180486e-16
-3.330669073875469621e-16
-3.330669073875469621e-16
-3.330669073875469621e-16
-2.775557561562891351e-16
-3.330669073875469621e-16
-3.330669073875469621e-16
-3.330669073875469621e-16
-3.330669073875469621e-16
-3.330669073875469621e-16
-3.330669073875469621e-16
-2.220446049250313081e-16
-2.220446049250313081e-16
-3.330669073875469621e-16
-3.330669073875469621e-16
-4.440892098500626162e-16
-2.220446049250313081e-16
-4.440892098500626162e-16
-4.440892098500626162e-16
-4.440892098500626162e-16
-2.220446049250313081e-16
-2.220446049250313081e-16
-3.330669073875469621e-16
-3.330669073875469621e-16
-3.330669073875469621e-16
-3.330669073875469621e-16
-3.330669073875469621e-16
-2.220446049250313081e-16
-3.330669073875469621e-16
-3.330669073875469621e-16
-2.220446049250313081e-16
-3.330669073875469621e-16
-4.440892098500626162e-16
-3.885780586188047891e-16
-3.885780586188047891e-16
-4.996003610813204432e-16
-5.551115123125782702e-16
-4.996003610813204432e-16
-4.996003610813204432e-16
-6.106226635438360972e-16
-4.857225732735059864e-16
-4.996003610813204432e-16
-6.106226635438360972e-16
-4.440892098500626162e-16
-4.440892098500626162e-16
-4.440892098500626162e-16
-4.996003610813204432e-16
-5.551115123125782702e-16
-5.551115123125782702e-16
-5.551115123125782702e-16
-5.551115123125782702e-16
-4.440892098500626162e-16
-3.330669073875469621e-16
-3.330669073875469621e-16
-4.440892098500626162e-16
-5.551115123125782702e-16
-4.440892098500626162e-16
-4.440892098500626162e-16
-4.440892098500626162e-16
-4.440892098500626162e-16
-4.440892098500626162e-16
-2.220446049250313081e-16
-2.220446049250313081e-16
-2.220446049250313081e-16
-2.220446049250313081e-16
-2.220446049250313081e-16
-2.220446049250313081e-16
-2.220446049250313081e-16
-2.220446049250313081e-16
-2.220446049250313081e-16
-3.330669073875469621e-16
-3.330669073875469621e-16
-3.330669073875469621e-16
-3.330669073875469621e-16
-3.330669073875469621e-16
-3.330669073875469621e-16
-3.330669073875469621e-16
-2.775557561562891351e-16
-2.775557561562891351e-16
-3.885780586188047891e-16
-4.440892098500626162e-16
-4.440892098500626162e-16
-4.302114220422481594e-16
-4.302114220422481594e-16
-4.996003610813204432e-16
-4.579669976578770729e-16
-3.608224830031758756e-16
-4.163336342344337027e-16
-4.440892098500626162e-16
-3.885780586188047891e-16
-3.330669073875469621e-16
-2.775557561562891351e-16
-3.330669073875469621e-16
-4.440892098500626162e-16
-3.330669073875469621e-16
-4.440892098500626162e-16
-3.330669073875469621e-16
-3.330669073875469621e-16
-3.330669073875469621e-16
-2.220446049250313081e-16
-2.220446049250313081e-16
-2.220446049250313081e-16
-2.220446049250313081e-16
-2.220446049250313081e-16
-2.220446049250313081e-16
-2.220446049250313081e-16
0.000000000000000000e+00
0.000000000000000000e+00
2.220446049250313081e-16
2.220446049250313081e-16
4.440892098500626162e-16
2.220446049250313081e-16
2.220446049250313081e-16
2.220446049250313081e-16
4.440892098500626162e-16
4.440892098500626162e-16
4.440892098500626162e-16
6.661338147750939243e-16
4.440892098500626162e-16
4.440892098500626162e-16
3.330669073875469621e-16
3.330669073875469621e-16
4.440892098500626162e-16
3.330669073875469621e-16
3.330669073875469621e-16
3.330669073875469621e-16
2.220446049250313081e-16
2.220446049250313081e-16
2.220446049250313081e-16
2.220446049250313081e-16
2.220446049250313081e-16
2.775557561562891351e-16
4.440892098500626162e-16
2.775557561562891351e-16
1.665334536937734811e-16
2.359223927328457648e-16
3.053113317719180486e-16
3.469446951953614189e-16
2.359223927328457648e-16
2.220446049250313081e-16
3.330669073875469621e-16
2.775557561562891351e-16
3.330669073875469621e-16
4.996003610813204432e-16
4.440892098500626162e-16
3.330669073875469621e-16
4.440892098500626162e-16
4.440892098500626162e-16
4.440892098500626162e-16
4.440892098500626162e-16
3.330669073875469621e-16
4.440892098500626162e-16
3.330669073875469621e-16
3.330669073875469621e-16
3.330669073875469621e-16
2.220446049250313081e-16
4.440892098500626162e-16
4.440892098500626162e-16
4.440892098500626162e-16
2.220446049250313081e-16
2.220446049250313081e-16
2.220446049250313081e-16
4.440892098500626162e-16
6.661338147750939243e-16
6.661338147750939243e-16
6.661338147750939243e-16
4.440892098500626162e-16
4.440892098500626162e-16
4.440892098500626162e-16
4.440892098500626162e-16
4.440892098500626162e-16
4.440892098500626162e-16
5.551115123125782702e-16
5.551115123125782702e-16
4.440892098500626162e-16
4.440892098500626162e-16
5.551115123125782702e-16
5.551115123125782702e-16
4.440892098500626162e-16
5.551115123125782702e-16
5.551115123125782702e-16
6.661338147750939243e-16
6.106226635438360972e-16
6.661338147750939243e-16
6.661338147750939243e-16
6.661338147750939243e-16
6.938893903907228378e-16
6.106226635438360972e-16
5.967448757360216405e-16
5.551115123125782702e-16
5.412337245047638135e-16
4.996003610813204432e-16
4.996003610813204432e-16
4.996003610813204432e-16
4.440892098500626162e-16
4.440892098500626162e-16
5.551115123125782702e-16
6.106226635438360972e-16
6.661338147750939243e-16
7.771561172376095783e-16
8.881784197001252323e-16
7.771561172376095783e-16
7.771561172376095783e-16
7.771561172376095783e-16
7.771561172376095783e-16
8.881784197001252323e-16
8.881784197001252323e-16
7.771561172376095783e-16
6.661338147750939243e-16
8.881784197001252323e-16
8.881784197001252323e-16
8.881784197001252323e-16
8.881784197001252323e-16
8.881784197001252323e-16
6.661338147750939243e-16
6.661338147750939243e-16
6.661338147750939243e-16
4.440892098500626162e-16
4.440892098500626162e-16
4.440892098500626162e-16
4.440892098500626162e-16
4.440892098500626162e-16
4.440892098500626162e-16
4.440892098500626162e-16
4.440892098500626162e-16
4.440892098500626162e-16
6.661338147750939243e-16
4.440892098500626162e-16
6.661338147750939243e-16
6.661338147750939243e-16
6.661338147750939243e-16
6.661338147750939243e-16
6.661338147750939243e-16
6.661338147750939243e-16
4.440892098500626162e-16
4.440892098500626162e-16
4.440892098500626162e-16
5.551115123125782702e-16
6.661338147750939243e-16
6.661338147750939243e-16
7.771561172376095783e-16
7.771561172376095783e-16
7.771561172376095783e-16
6.661338147750939243e-16
6.661338147750939243e-16
6.661338147750939243e-16
6.661338147750939243e-16
6.106226635438360972e-16
6.106226635438360972e-16
5.551115123125782702e-16
6.383782391594650107e-16
6.661338147750939243e-16
6.938893903907228378e-16
6.245004513516505540e-16
5.759281940242999553e-16
5.273559366969493567e-16
5.273559366969493567e-16
6.106226635438360972e-16
5.551115123125782702e-16
5.551115123125782702e-16
4.440892098500626162e-16
4.440892098500626162e-16
5.551115123125782702e-16
5.551115123125782702e-16
5.551115123125782702e-16
5.551115123125782702e-16
5.551115123125782702e-16
5.551115123125782702e-16
5.551115123125782702e-16
6.661338147750939243e-16
6.661338147750939243e-16
7.771561172376095783e-16
7.771561172376095783e-16
7.771561172376095783e-16
7.771561172376095783e-16
6.661338147750939243e-16
6.661338147750939243e-16
6.661338147750939243e-16
4.440892098500626162e-16
6.661338147750939243e-16
4.440892098500626162e-16
4.440892098500626162e-16
4.440892098500626162e-16
2.220446049250313081e-16
4.440892098500626162e-16
2.220446049250313081e-16
4.440892098500626162e-16
2.220446049250313081e-16
2.220446049250313081e-16
2.220446049250313081e-16
2.220446049250313081e-16
0.000000000000000000e+00
2.220446049250313081e-16
2.220446049250313081e-16
2.220446049250313081e-16
2.220446049250313081e-16
0.000000000000000000e+00
1.110223024625156540e-16
1.110223024625156540e-16
1.110223024625156540e-16
1.110223024625156540e-16
2.220446049250313081e-16
0.000000000000000000e+00
1.110223024625156540e-16
1.110223024625156540e-16
0.000000000000000000e+00
-1.110223024625156540e-16
-2.220446049250313081e-16
-3.330669073875469621e-16
-4.440892098500626162e-16
-4.440892098500626162e-16
-5.551115123125782702e-16
-7.216449660063517513e-16
-7.494005416219806648e-16
-7.355227538141662080e-16
-7.216449660063517513e-16
-8.187894806610529486e-16
-7.840950111415168067e-16
-8.604228440844963188e-16
-9.436895709313830594e-16
-9.992007221626408864e-16
-9.992007221626408864e-16
-9.992007221626408864e-16
-9.436895709313830594e-16
-8.881784197001252323e-16
-7.771561172376095783e-16
-6.661338147750939243e-16
-5.551115123125782702e-16
-5.551115123125782702e-16
-5.551115123125782702e-16
-5.551115123125782702e-16
-4.440892098500626162e-16
-3.330669073875469621e-16
-3.330669073875469621e-16
-3.330669073875469621e-16
-2.220446049250313081e-16
-2.220446049250313081e-16
-2.220446049250313081e-16
-4.440892098500626162e-16
-4.440892098500626162e-16
-6.661338147750939243e-16
-6.661338147750939243e-16
-4.440892098500626162e-16
-4.440892098500626162e-16
-4.440892098500626162e-16
-4.440892098500626162e-16
-2.220446049250313081e-16
-4.440892098500626162e-16
-4.440892098500626162e-16
-6.661338147750939243e-16
-6.661338147750939243e-16
-6.661338147750939243e-16
-4.440892098500626162e-16
-4.440892098500626162e-16
-6.661338147750939243e-16
-6.661338147750939243e-16
-4.440892098500626162e-16
-6.661338147750939243e-16
-4.440892098500626162e-16
-4.440892098500626162e-16
-4.440892098500626162e-16
-6.661338147750939243e-16
-4.440892098500626162e-16
-4.440892098500626162e-16
-4.440892098500626162e-16
-4.440892098500626162e-16
-2.220446049250313081e-16
-2.220446049250313081e-16
0.000000000000000000e+00
0.000000000000000000e+00
2.220446049250313081e-16
0.000000000000000000e+00
2.220446049250313081e-16
1.110223024625156540e-16
1.110223024625156540e-16
1.110223024625156540e-16
1.110223024625156540e-16
0.000000000000000000e+00
0.000000000000000000e+00
1.110223024625156540e-16
0.000000000000000000e+00
-1.110223024625156540e-16
-1.665334536937734811e-16
-2.775557561562891351e-16
-2.775557561562891351e-16
-4.440892098500626162e-16
-4.996003610813204432e-16
-4.718447854656915297e-16
-5.828670879282071837e-16
-5.551115123125782702e-16
-5.273559366969493567e-16
-4.440892098500626162e-16
-5.134781488891348999e-16
-6.106226635438360972e-16
-6.106226635438360972e-16
-6.938893903907228378e-16
-8.881784197001252323e-16
-9.436895709313830594e-16
-8.881784197001252323e-16
-9.992007221626408864e-16
-1.110223024625156540e-15
-9.992007221626408864e-16
-1.110223024625156540e-15
-1.110223024625156540e-15
-1.110223024625156540e-15
-9.992007221626408864e-16
-9.992007221626408864e-16
-1.110223024625156540e-15
-9.992007221626408864e-16
-9.992007221626408864e-16
-8.881784197001252323e-16
-1.110223024625156540e-15
-8.881784197001252323e-16
-8.881784197001252323e-16
-1.110223024625156540e-15
-1.110223024625156540e-15
-1.110223024625156540e-15
-1.110223024625156540e-15
-8.881784197001252323e-16
-1.110223024625156540e-15
-8.881784197001252323e-16
-1.110223024625156540e-15
-1.110223024625156540e-15
-1.332267629550187849e-15
-1.332267629550187849e-15
-1.332267629550187849e-15
-1.110223024625156540e-15
-1.110223024625156540e-15
-1.110223024625156540e-15
-1.110223024625156540e-15
-1.332267629550187849e-15
-1.110223024625156540e-15
-1.332267629550187849e-15
-1.332267629550187849e-15
-1.554312234475219157e-15
-1.332267629550187849e-15
-1.554312234475219157e-15
-1.554312234475219157e-15
-1.332267629550187849e-15
-1.332267629550187849e-15
-1.332267629550187849e-15
-1.332267629550187849e-15
-1.332267629550187849e-15
-1.332267629550187849e-15
-1.221245327087672194e-15
-1.332267629550187849e-15
-1.443289932012703503e-15
-1.443289932012703503e-15
-1.332267629550187849e-15
-1.554312234475219157e-15
-1.554312234475219157e-15
-1.554312234475219157e-15
-1.554312234475219157e-15
-1.609823385706476984e-15
-1.665334536937734811e-15
-1.609823385706476984e-15
-1.498801083243961330e-15
-1.554312234475219157e-15
-1.693090112553363724e-15
-1.720845688168992638e-15
-1.665334536937734811e-15
-1.616762279610384212e-15
-1.457167719820517959e-15
-1.540434446667404700e-15
-1.443289932012703503e-15
-1.443289932012703503e-15
-1.471045507628332416e-15
-1.554312234475219157e-15
-1.443289932012703503e-15
-1.443289932012703503e-15
-1.387778780781445676e-15
-1.221245327087672194e-15
-1.332267629550187849e-15
-1.221245327087672194e-15
-1.221245327087672194e-15
-1.221245327087672194e-15
-1.221245327087672194e-15
-1.110223024625156540e-15
-1.110223024625156540e-15
-1.110223024625156540e-15
-1.110223024625156540e-15
-9.992007221626408864e-16
-8.881784197001252323e-16
-8.881784197001252323e-16
-6.661338147750939243e-16
-6.661338147750939243e-16
-8.881784197001252323e-16
-8.881784197001252323e-16
-8.881784197001252323e-16
-6.661338147750939243e-16
-8.881784197001252323e-16
-1.110223024625156540e-15
-1.110223024625156540e-15
-1.110223024625156540e-15
-8.881784197001252323e-16
-8.881784197001252323e-16
-8.881784197001252323e-16
-8.881784197001252323e-16
-8.881784197001252323e-16
-8.881784197001252323e-16
-8.881784197001252323e-16
-1.110223024625156540e-15
-1.110223024625156540e-15
-8.881784197001252323e-16
-1.110223024625156540e-15
-1.110223024625156540e-15
-8.881784197001252323e-16
-8.881784197001252323e-16
-1.110223024625156540e-15
-1.110223024625156540e-15
-8.881784197001252323e-16
-8.881784197001252323e-16
-6.661338147750939243e-16
-6.661338147750939243e-16
-6.661338147750939243e-16
-8.881784197001252323e-16
-8.881784197001252323e-16
-8.881784197001252323e-16
-8.881784197001252323e-16
-1.110223024625156540e-15
-1.110223024625156540e-15
-8.881784197001252323e-16
-8.881784197001252323e-16
-8.881784197001252323e-16
-8.881784197001252323e-16
-1.110223024625156540e-15
-1.110223024625156540e-15
-8.881784197001252323e-16
-6.661338147750939243e-16
-6.661338147750939243e-16
-6.661338147750939243e-16
-6.661338147750939243e-16
-6.661338147750939243e-16
-5.551115123125782702e-16
-6.661338147750939243e-16
-5.551115123125782702e-16
-4.440892098500626162e-16
-4.440892098500626162e-16
-5.551115123125782702e-16
-6.661338147750939243e-16
-7.771561172376095783e-16
-7.216449660063517513e-16
-7.771561172376095783e-16
-7.771561172376095783e-16
-8.881784197001252323e-16
-8.604228440844963188e-16
-9.714451465470119729e-16
-1.082467449009527627e-15
-1.006139616066548115e-15
-1.110223024625156540e-15
-1.082467449009527627e-15
-1.082467449009527627e-15
-1.082467449009527627e-15
-1.221245327087672194e-15
-1.332267629550187849e-15
-1.387778780781445676e-15
-1.443289932012703503e-15
-1.332267629550187849e-15
-1.332267629550187849e-15
-1.221245327087672194e-15
-1.332267629550187849e-15
-1.332267629550187849e-15
-1.332267629550187849e-15
-1.332267629550187849e-15
-1.443289932012703503e-15
-1.332267629550187849e-15
-1.332267629550187849e-15
-1.443289932012703503e-15
-1.443289932012703503e-15
-1.332267629550187849e-15
-1.554312234475219157e-15
-1.554312234475219157e-15
-1.554312234475219157e-15
-1.554312234475219157e-15
-1.776356839400250465e-15
-1.554312234475219157e-15
-1.554312234475219157e-15
-1.554312234475219157e-15
-1.332267629550187849e-15
-1.332267629550187849e-15
-1.554312234475219157e-15
-1.554312234475219157e-15
-1.776356839400250465e-15
-1.554312234475219157e-15
-1.776356839400250465e-15
-1.776356839400250465e-15
-1.554312234475219157e-15
-1.776356839400250465e-15
-1.776356839400250465e-15
-1.776356839400250465e-15
-1.776356839400250465e-15
-1.776356839400250465e-15
-1.776356839400250465e-15
-1.776356839400250465e-15
-1.776356839400250465e-15
-1.776356839400250465e-15
-1.776356839400250465e-15
-1.776356839400250465e-15
-1.776356839400250465e-15
-1.776356839400250465e-15
-1.776356839400250465e-15
-1.998401444325281773e-15
-1.998401444325281773e-15
-1.998401444325281773e-15
-2.220446049250313081e-15
-2.220446049250313081e-15
-2.220446049250313081e-15
-2.331468351712828735e-15
-2.331468351712828735e-15
-2.442490654175344389e-15
-2.331468351712828735e-15
-2.331468351712828735e-15
-2.331468351712828735e-15
-2.331468351712828735e-15
-2.331468351712828735e-15
-2.442490654175344389e-15
-2.553512956637860043e-15
-2.553512956637860043e-15
-2.498001805406602216e-15
-2.553512956637860043e-15
-2.553512956637860043e-15
-2.498001805406602216e-15
-2.442490654175344389e-15
-2.331468351712828735e-15
-2.303712776097199821e-15
-2.275957200481570908e-15
-2.442490654175344389e-15
-2.414735078559715475e-15
-2.456368441983158846e-15
-2.581268532253488956e-15
-2.498001805406602216e-15
-2.470246229790973302e-15
-2.414735078559715475e-15
-2.386979502944086562e-15
-2.442490654175344389e-15
-2.498001805406602216e-15
-2.442490654175344389e-15
-2.498001805406602216e-15
-2.442490654175344389e-15
-2.331468351712828735e-15
-2.331468351712828735e-15
-2.442490654175344389e-15
-2.442490654175344389e-15
-2.331468351712828735e-15
-2.442490654175344389e-15
-2.553512956637860043e-15
-2.664535259100375697e-15
-2.664535259100375697e-15
-2.664535259100375697e-15
-2.664535259100375697e-15
-2.886579864025407005e-15
-2.886579864025407005e-15
-2.886579864025407005e-15
-2.886579864025407005e-15
-2.886579864025407005e-15
-3.108624468950438313e-15
-3.108624468950438313e-15
-3.108624468950438313e-15
-3.108624468950438313e-15
-2.886579864025407005e-15
-2.886579864025407005e-15
-3.108624468950438313e-15
-3.108624468950438313e-15
-3.108624468950438313e-15
-3.108624468950438313e-15
-3.108624468950438313e-15
-3.330669073875469621e-15
-3.330669073875469621e-15
-3.330669073875469621e-15
-3.330669073875469621e-15
-3.330669073875469621e-15
-3.552713678800500929e-15
-3.330669073875469621e-15
-3.108624468950438313e-15
-3.330669073875469621e-15
-3.108624468950438313e-15
-2.886579864025407005e-15
-3.108624468950438313e-15
-3.108624468950438313e-15
-3.108624468950438313e-15
-3.108624468950438313e-15
-2.886579864025407005e-15
-2.886579864025407005e-15
-3.108624468950438313e-15
-2.886579864025407005e-15
-3.108624468950438313e-15
-3.108624468950438313e-15
-3.330669073875469621e-15
-3.552713678800500929e-15
-3.552713678800500929e-15
-3.552713678800500929e-15
-3.330669073875469621e-15
-3.330669073875469621e-15
-3.552713678800500929e-15
-3.552713678800500929e-15
-3.774758283725532237e-15
-3.774758283725532237e-15
-3.774758283725532237e-15
-3.774758283725532237e-15
-3.774758283725532237e-15
-3.552713678800500929e-15
-3.552713678800500929e-15
-3.774758283725532237e-15
-3.774758283725532237e-15
-3.996802888650563546e-15
-3.996802888650563546e-15
-3.885780586188047891e-15
-3.885780586188047891e-15
-3.996802888650563546e-15
-3.885780586188047891e-15
-3.885780586188047891e-15
-3.774758283725532237e-15
-3.774758283725532237e-15
-3.774758283725532237e-15
-3.774758283725532237e-15
-3.719247132494274410e-15
-3.719247132494274410e-15
-3.608224830031758756e-15
-3.663735981263016583e-15
-3.663735981263016583e-15
-3.497202527569243102e-15
-3.358424649491098535e-15
-3.358424649491098535e-15
-3.358424649491098535e-15
-3.337607967779376850e-15
-3.441691376337985275e-15
-3.400058012914541905e-15
-3.469446951953614189e-15
-3.441691376337985275e-15
-3.386180225106727448e-15
-3.330669073875469621e-15
-3.330669073875469621e-15
-3.386180225106727448e-15
-3.386180225106727448e-15
-3.330669073875469621e-15
-3.441691376337985275e-15
-3.330669073875469621e-15
-3.330669073875469621e-15
-3.441691376337985275e-15
-3.552713678800500929e-15
-3.552713678800500929e-15
-3.663735981263016583e-15
-3.552713678800500929e-15
-3.441691376337985275e-15
-3.330669073875469621e-15
-3.330669073875469621e-15
-3.219646771412953967e-15
-3.108624468950438313e-15
-3.108624468950438313e-15
-2.886579864025407005e-15
-3.108624468950438313e-15
-2.886579864025407005e-15
-3.108624468950438313e-15
-2.886579864025407005e-15
-3.108624468950438313e-15
-3.108624468950438313e-15
-3.108624468950438313e-15
-3.108624468950438313e-15
-2.886579864025407005e-15
-3.108624468950438313e-15
-3.108624468950438313e-15
-3.108624468950438313e-15
-2.886579864025407005e-15
-3.108624468950438313e-15
-2.886579864025407005e-15
-3.108624468950438313e-15
-3.108624468950438313e-15
-3.108624468950438313e-15
-3.330669073875469621e-15
-3.552713678800500929e-15
-3.552713678800500929e-15
-3.552713678800500929e-15
-3.330669073875469621e-15
-3.330669073875469621e-15
-3.330669073875469621e-15
-3.552713678800500929e-15
-3.330669073875469621e-15
-3.330669073875469621e-15
-3.330669073875469621e-15
-3.552713678800500929e-15
-3.552713678800500929e-15
-3.552713678800500929e-15
-3.774758283725532237e-15
-3.774758283725532237e-15
-3.552713678800500929e-15
-3.552713678800500929e-15
-3.552713678800500929e-15
-3.330669073875469621e-15
-3.330669073875469621e-15
-3.330669073875469621e-15
-3.552713678800500929e-15
-3.330669073875469621e-15
-3.552713678800500929e-15
-3.441691376337985275e-15
-3.441691376337985275e-15
-3.552713678800500929e-15
-3.441691376337985275e-15
-3.552713678800500929e-15
-3.441691376337985275e-15
-3.552713678800500929e-15
-3.663735981263016583e-15
-3.552713678800500929e-15
-3.663735981263016583e-15
-3.663735981263016583e-15
-3.774758283725532237e-15
-3.830269434956790064e-15
-3.996802888650563546e-15
-4.052314039881821373e-15
-4.052314039881821373e-15
-4.080069615497450286e-15
-4.080069615497450286e-15
-4.163336342344337027e-15
-4.170275236248244255e-15
-4.121702978920893656e-15
-4.184153024056058712e-15
-4.260480856999038224e-15
-4.329869796038110508e-15
-4.385380947269368335e-15
-4.329869796038110508e-15
-4.274358644806852681e-15
-4.218847493575594854e-15
-4.218847493575594854e-15
-4.329869796038110508e-15
-4.329869796038110508e-15
-4.440892098500626162e-15
-4.329869796038110508e-15
-4.218847493575594854e-15
-4.329869796038110508e-15
-4.440892098500626162e-15
-4.329869796038110508e-15
-4.329869796038110508e-15
-4.218847493575594854e-15
-4.329869796038110508e-15
-4.218847493575594854e-15
-4.329869796038110508e-15
-4.218847493575594854e-15
-4.440892098500626162e-15
-4.440892098500626162e-15
-4.218847493575594854e-15
-4.218847493575594854e-15
-4.218847493575594854e-15
-4.218847493575594854e-15
-4.218847493575594854e-15
-4.440892098500626162e-15
-4.440892098500626162e-15
-4.440892098500626162e-15
-4.440892098500626162e-15
-4.440892098500626162e-15
-4.218847493575594854e-15
-4.218847493575594854e-15
-4.440892098500626162e-15
-4.218847493575594854e-15
-4.440892098500626162e-15
-4.440892098500626162e-15
-4.440892098500626162e-15
-4.218847493575594854e-15
-4.218847493575594854e-15
-4.218847493575594854e-15
-4.218847493575594854e-15
-4.218847493575594854e-15
-4.440892098500626162e-15
-4.440892098500626162e-15
-4.440892098500626162e-15
-4.440892098500626162e-15
-4.440892098500626162e-15
-4.440892098500626162e-15
-4.440892098500626162e-15
-4.218847493575594854e-15
-4.218847493575594854e-15
-3.996802888650563546e-15
-3.996802888650563546e-15
-3.996802888650563546e-15
-3.996802888650563546e-15
-3.996802888650563546e-15
-3.774758283725532237e-15
-3.774758283725532237e-15
-3.774758283725532237e-15
-3.774758283725532237e-15
-3.996802888650563546e-15
-3.996802888650563546e-15
-3.996802888650563546e-15
-3.774758283725532237e-15
-3.996802888650563546e-15
-3.996802888650563546e-15
-3.996802888650563546e-15
-3.774758283725532237e-15
-3.774758283725532237e-15
-3.774758283725532237e-15
-3.774758283725532237e-15
-3.996802888650563546e-15
-3.774758283725532237e-15
-3.774758283725532237e-15
-3.774758283725532237e-15
-3.774758283725532237e-15
-3.552713678800500929e-15
-3.774758283725532237e-15
-3.774758283725532237e-15
-3.774758283725532237e-15
-3.774758283725532237e-15
-3.774758283725532237e-15
-3.885780586188047891e-15
-3.885780586188047891e-15
-3.885780586188047891e-15
-3.885780586188047891e-15
-3.996802888650563546e-15
-4.107825191113079200e-15
-4.218847493575594854e-15
-4.440892098500626162e-15
-4.440892098500626162e-15
-4.440892098500626162e-15
-4.440892098500626162e-15
-4.607425552194399643e-15
-4.607425552194399643e-15
-4.662936703425657470e-15
-4.773959005888173124e-15
-4.607425552194399643e-15
-4.662936703425657470e-15
-4.857225732735059864e-15
-4.801714581503802037e-15
-4.884981308350688778e-15
-4.878042414446781549e-15
-4.850286838831152636e-15
-4.843347944927245408e-15
-4.773959005888173124e-15
-4.718447854656915297e-15
-4.746203430272544210e-15
-4.773959005888173124e-15
-4.829470157119430951e-15
-4.829470157119430951e-15
-4.940492459581946605e-15
-4.884981308350688778e-15
-4.996003610813204432e-15
-4.996003610813204432e-15
-5.107025913275720086e-15
-4.996003610813204432e-15
-4.996003610813204432e-15
-4.996003610813204432e-15
-4.884981308350688778e-15
-4.996003610813204432e-15
-4.996003610813204432e-15
-5.107025913275720086e-15
-5.107025913275720086e-15
-5.107025913275720086e-15
-5.218048215738235740e-15
-5.107025913275720086e-15
-4.884981308350688778e-15
-5.107025913275720086e-15
-4.884981308350688778e-15
-4.884981308350688778e-15
-5.107025913275720086e-15
-4.884981308350688778e-15
-4.884981308350688778e-15
-5.107025913275720086e-15
-5.107025913275720086e-15
-5.329070518200751394e-15
-5.107025913275720086e-15
-5.107025913275720086e-15
-5.107025913275720086e-15
-5.329070518200751394e-15
-5.329070518200751394e-15
