-8.825424006106066255e-01
-8.825424005940400995e-01
-8.825424004611081008e-01
-8.825424002148096747e-01
-8.825423998596679809e-01
-8.825423994017447260e-01
-8.825423988486567062e-01
-8.825423982095823572e-01
-8.825423974952556483e-01
-8.825423967179325535e-01
-8.825423958913255484e-01
-8.825423950304898124e-01
-8.825423941516622461e-01
-8.825423932720380948e-01
-8.825423924094901729e-01
-8.825423915822245835e-01
-8.825423908083875890e-01
-8.825423901056210774e-01
-8.825423894905952693e-01
-8.825423889785293241e-01
-8.825423885827223813e-01
-8.825423883141230164e-01
-8.825423881809598692e-01
-8.825423881884504329e-01
-8.825423883386123158e-01
-8.825423886301844156e-01
-8.825423890586650000e-01
-8.825423896164646953e-01
-8.825423902931637254e-01
-8.825423910758605217e-01
-8.825423919495879455e-01
-8.825423928977785826e-01
-8.825423939027494669e-01
-8.825423949461868034e-01
-8.825423960096100418e-01
-8.825423970747935387e-01
-8.825423981241382609e-01
-8.825423991409833135e-01
-8.825424001098552962e-01
-8.825424010166551536e-01
-8.825424018487885158e-01
-8.825424025952455231e-01
-8.825424032466409052e-01
-8.825424037952221967e-01
-8.825424042348574138e-01
-8.825424045610108514e-01
-8.825424047707115527e-01
-8.825424048625321038e-01
-8.825424048365646534e-01
-8.825424046944164713e-01
-8.825424044392080614e-01
-8.825424040755851518e-01
-8.825424036097337943e-01
-8.825424030493955740e-01
-8.825424024038740489e-01
-8.825424016840269781e-01
-8.825424009022302396e-01
-8.825424000723083306e-01
-8.825423992094177938e-01
-8.825423983298816832e-01
-8.825423974509607472e-01
-8.825423965905672130e-01
-8.825423957669187303e-01
-8.825423949981370253e-01
-8.825423943018042561e-01
-8.825423936944916115e-01
-8.825423931912815823e-01
-8.825423928052995581e-01
-8.825423925472898334e-01
-8.825423924252482344e-01
-8.825423924441417878e-01
-8.825423926057267554e-01
-8.825423929084791341e-01
-8.825423933476428395e-01
-8.825423939153911324e-01
-8.825423946010908516e-01
-8.825423953916590181e-01
-8.825423962719830540e-01
-8.825423972253869653e-01
-8.825423982341205065e-01
-8.825423992798403505e-01
-8.825424003440703880e-01
-8.825424014086225011e-01
-8.825424024559620495e-01
-8.825424034695157349e-01
-8.825424044339134078e-01
-8.825424053351730302e-01
-8.825424061608242443e-01
-8.825424068999869753e-01
-8.825424075434065152e-01
-8.825424080834612939e-01
-8.825424085141480024e-01
-8.825424088310569459e-01
-8.825424090313430669e-01
-8.825424091136997440e-01
-8.825424090783423603e-01
-8.825424089269979788e-01
-8.825424086629094500e-01
-8.825424082908450707e-01
-8.825424078171151265e-01
-8.825424072495862138e-01
-8.825424065976875676e-01
-8.825424058723997378e-01
-8.825424050862179515e-01
-8.825424042530785051e-01
-8.825424033882386388e-01
-8.825424025081048951e-01
-8.825424016300019714e-01
-8.825424007718806196e-01
-8.825423999519657059e-01
-8.825423991883525332e-01
-8.825423984985600878e-01
-8.825423978990580842e-01
-8.825423974047881259e-01
-8.825423970287005204e-01
-8.825423967813315063e-01
-8.825423966704433187e-01
-8.825423967007515191e-01
-8.825423968737493574e-01
-8.825423971876518170e-01
-8.825423976374482393e-01
-8.825423982150761848e-01
-8.825423989096924382e-01
-8.825423997080346084e-01
-8.825424005948474537e-01
-8.825424015533511746e-01
-8.825424025657296889e-01
-8.825424036136123584e-01
-8.825424046785321774e-01
-8.825424057423398860e-01
-8.825424067875681233e-01
-8.825424077977311876e-01
-8.825424087575647336e-01
-8.825424096532039631e-01
-8.825424104723033070e-01
-8.825424112041122537e-01
-8.825424118395069906e-01
-8.825424123709968427e-01
-8.825424127927066209e-01
-8.825424131003533068e-01
-8.825424132912162989e-01
-8.825424133641111002e-01
-8.825424133193744414e-01
-8.825424131588548438e-01
-8.825424128859165052e-01
-8.825424125054512903e-01
-8.825424120238933856e-01
-8.825424114492346206e-01
-8.825424107910292415e-01
-8.825424100603811439e-01
-8.825424092699039047e-01
-8.825424084336448427e-01
-8.825424075669607848e-01
-8.825424066863409855e-01
-8.825424058091717594e-01
-8.825424049534397186e-01
-8.825424041373748363e-01
-8.825424033790429945e-01
-8.825424026958970103e-01
-8.825424021043013489e-01
-8.825424016190547283e-01
-8.825424012529293760e-01
-8.825424010162512545e-01
-8.825424009165472317e-01
-8.825424009582792939e-01
-8.825424011426790116e-01
-8.825424014676988005e-01
-8.825424019280762034e-01
-8.825424025155140795e-01
-8.825424032189614909e-01
-8.825424040249795210e-01
-8.825424049181730402e-01
-8.825424058816615513e-01
-8.825424068975663561e-01
-8.825424079474935013e-01
-8.825424090129860843e-01
-8.825424100759375889e-01
-8.825424111189481557e-01
-8.825424121256227883e-01
-8.825424130808033896e-01
-8.825424139707425120e-01
-8.825424147832207078e-01
-8.825424155076174726e-01
-8.825424161349396668e-01
-8.825424166578262897e-01
-8.825424170705318261e-01
-8.825424173688990459e-01
-8.825424175503308044e-01
-8.825424176137658394e-01
-8.825424175596617848e-01
-8.825424173899881763e-01
-8.825424171082318914e-01
-8.825424167194071412e-01
-8.825424162300726794e-01
-8.825424156483456795e-01
-8.825424149839046217e-01
-8.825424142479770806e-01
-8.825424134532948717e-01
-8.825424126140152259e-01
-8.825424117455931139e-01
-8.825424108645990584e-01
-8.825424099884793261e-01
-8.825424091352536138e-01
-8.825424083231550032e-01
-8.825424075702171800e-01
-8.825424068938222399e-01
-8.825424063102285110e-01
-8.825424058340880507e-01
-8.825424054779913430e-01
-8.825424052520524087e-01
-8.825424051635610834e-01
-8.825424052167247790e-01
-8.825424054125132756e-01
-8.825424057486165319e-01
-8.825424062195211805e-01
-8.825424068166979330e-01
-8.825424075288899051e-01
-8.825424083424844302e-01
-8.825424092419500433e-01
-8.825424102103082147e-01
-8.825424112296211820e-01
-8.825424122814742312e-01
-8.825424133474230048e-01
-8.825424144094058398e-01
-8.825424154500935980e-01
-8.825424164531820992e-01
-8.825424174036208269e-01
-8.825424182877815715e-01
-8.825424190935708957e-01
-8.825424198104977469e-01
-8.825424204296996589e-01
-8.825424209439469703e-01
-8.825424213476216195e-01
-8.825424216366923869e-01
-8.825424218086866945e-01
-8.825424218626647388e-01
-8.825424217992061671e-01
-8.825424216204015293e-01
-8.825424213298589393e-01
-8.825424209327167313e-01
-8.825424204356580038e-01
-8.825424198469242754e-01
-8.825424191763202586e-01
-8.825424184351952084e-01
-8.825424176363989570e-01
-8.825424167941979814e-01
-8.825424159241440636e-01
-8.825424150428879955e-01
-8.825424141679334422e-01
-8.825424133173317420e-01
-8.825424125093155325e-01
-8.825424117618828612e-01
-8.825424110923445475e-01
-8.825424105168466760e-01
-8.825424100498930891e-01
-8.825424097038903071e-01
-8.825424094887374116e-01
-8.825424094114858731e-01
-8.825424094760879745e-01
-8.825424096832499288e-01
-8.825424100304010144e-01
-8.825424105117782858e-01
-8.825424111186214171e-01
-8.825424118394695761e-01
-8.825424126605410091e-01
-8.825424135661694702e-01
-8.825424145392815056e-01
-8.825424155618843969e-01
-8.825424166155440009e-01
-8.825424176818333910e-01
-8.825424187427364231e-01
-8.825424197809963456e-01
-8.825424207804022370e-01
-8.825424217260120496e-01
-8.825424226043164788e-01
-8.825424234033493187e-01
-8.825424241127488578e-01
-8.825424247237846354e-01
-8.825424252293558869e-01
-8.825424256239735588e-01
-8.825424259037322194e-01
-8.825424260662829701e-01
-8.825424261108079094e-01
-8.825424260380075880e-01
-8.825424258500951247e-01
-8.825424255507999804e-01
-8.825424251453830582e-01
-8.825424246406529116e-01
-8.825424240449759594e-01
-8.825424233682814812e-01
-8.825424226220414115e-01
-8.825424218192226000e-01
-8.825424209742006587e-01
-8.825424201026221827e-01
-8.825424192212163454e-01
-8.825424183475434337e-01
-8.825424174996832072e-01
-8.825424166958650840e-01
-8.825424159540493640e-01
-8.825424152914713716e-01
-8.825424147241626160e-01
-8.825424142664758387e-01
-8.825424139306308202e-01
-8.825424137263095936e-01
-8.825424136603232661e-01
-8.825424137363678811e-01
-8.825424139548867508e-01
-8.825424143130490284e-01
-8.825424148048419681e-01
-8.825424154212774264e-01
-8.825424161506940646e-01
-8.825424169791412643e-01
-8.825424178908222173e-01
-8.825424188685728755e-01
-8.825424198943467857e-01
-8.825424209496945949e-01
-8.825424220162083611e-01
-8.825424230759204569e-01
-8.825424241116487378e-01
-8.825424251072757631e-01
-8.825424260479695082e-01
-8.825424269203407945e-01
-8.825424277125506478e-01
-8.825424284143672526e-01
-8.825424290171908215e-01
-8.825424295140515962e-01
-8.825424298995871997e-01
-8.825424301700187657e-01
-8.825424303231201861e-01
-8.825424303581965724e-01
-8.825424302760696005e-01
-8.825424300790728482e-01
-8.825424297710584565e-01
-8.825424293574108958e-01
-8.825424288450627319e-01
-8.825424282425066158e-01
-8.825424275597953949e-01
-8.825424268085237944e-01
-8.825424260017751266e-01
-8.825424251540321396e-01
-8.825424242810366859e-01
-8.825424233995947665e-01
-8.825424225273195145e-01
-8.825424216823176682e-01
-8.825424208828129835e-01
-8.825424201467254592e-01
-8.825424194912108167e-01
-8.825424189321842139e-01
-8.825424184838427388e-01
-8.825424181582176564e-01
-8.825424179647718415e-01
-8.825424179100745947e-01
-8.825424179975646100e-01
-8.825424182274221874e-01
-8.825424185965564661e-01
-8.825424190987077866e-01
-8.825424197246605207e-01
-8.825424204625551550e-01
-8.825424212982762029e-01
-8.825424222159001797e-01
-8.825424231981726653e-01
-8.825424242269989117e-01
-8.825424252839166872e-01
-8.825424263505390332e-01
-8.825424274089496146e-01
-8.825424284420424481e-01
-8.825424294337951281e-01
-8.825424303694867634e-01
-8.825424312358495227e-01
-8.825424320211703311e-01
-8.825424327153488235e-01
-8.825424333099156637e-01
-8.825424337980307676e-01
-8.825424341744603218e-01
-8.825424344355502493e-01
-8.825424345791987868e-01
-8.825424346048320601e-01
-8.825424345133928705e-01
-8.825424343073364764e-01
-8.825424339906378091e-01
-8.825424335688040189e-01
-8.825424330488924607e-01
-8.825424324395211295e-01
-8.825424317508681060e-01
-8.825424309946487966e-01
-8.825424301840634200e-01
-8.825424293337009729e-01
-8.825424284593967883e-01
-8.825424275780315853e-01
-8.825424267072706774e-01
-8.825424258652445619e-01
-8.825424250701687789e-01
-8.825424243399198065e-01
-8.825424236915713205e-01
-8.825424231409179088e-01
-8.825424227019995627e-01
-8.825424223866551454e-01
-8.825424222041269307e-01
-8.825424221607409692e-01
-8.825424222596774948e-01
-8.825424225008541290e-01
-8.825424228809205518e-01
-8.825424233933700791e-01
-8.825424240287638167e-01
-8.825424247750457418e-01
-8.825424256179386084e-01
-8.825424265413933655e-01
-8.825424275280717712e-01
-8.825424285598314489e-01
-8.825424296182005079e-01
-8.825424306848164147e-01
-8.825424317418160136e-01
-8.825424327721698159e-01
-8.825424337599542257e-01
-8.825424346905581530e-01
-8.825424355508366681e-01
-8.825424363292040386e-01
-8.825424370156897957e-01
-8.825424376019560535e-01
-8.825424380812922909e-01
-8.825424384485922591e-01
-8.825424387003271143e-01
-8.825424388345185500e-01
-8.825424388507148166e-01
-8.825424387499792855e-01
-8.825424385348892287e-01
-8.825424382095413689e-01
-8.825424377795666464e-01
-8.825424372521473160e-01
-8.825424366360264949e-01
-8.825424359415066089e-01
-8.825424351804247447e-01
-8.825424343660960291e-01
-8.825424335132158182e-01
-8.825424326377112605e-01
-8.825424317565362387e-01
-8.825424308874063595e-01
-8.825424300484732143e-01
-8.825424292579417962e-01
-8.825424285336407326e-01
-8.825424278925599886e-01
-8.825424273503700290e-01
-8.825424269209508621e-01
-8.825424266159469511e-01
-8.825424264443770817e-01
-8.825424264123227225e-01
-8.825424265227055365e-01
-8.825424267751793561e-01
-8.825424271661352904e-01
-8.825424276888227393e-01
-8.825424283335798759e-01
-8.825424290881567213e-01
-8.825424299381178228e-01
-8.825424308672923379e-01
-8.825424318582594241e-01
-8.825424328928337392e-01
-8.825424339525363981e-01
-8.825424350190306244e-01
-8.825424360745093288e-01
-8.825424371020222924e-01
-8.825424380857436191e-01
-8.825424390111762385e-01
-8.825424398652957914e-01
-8.825424406366453312e-01
-8.825424413153849512e-01
-8.825424418933077719e-01
-8.825424423638319471e-01
-8.825424427219799028e-01
-8.825424429643470292e-01
-8.825424430890786986e-01
-8.825424430958443978e-01
-8.825424429858295117e-01
-8.825424427617316603e-01
-8.825424424277710234e-01
-8.825424419897015538e-01
-8.825424414548306284e-01
-8.825424408320263758e-01
-8.825424401317157885e-01
-8.825424393658567457e-01
-8.825424385478795042e-01
-8.825424376925841141e-01
-8.825424368159884292e-01
-8.825424359351177195e-01
-8.825424350677355534e-01
-8.825424342320125071e-01
-8.825424334461398068e-01
-8.825424327278965642e-01
-8.825424320941841483e-01
-8.825424315605473469e-01
-8.825424311407024103e-01
-8.825424308460970702e-01
-8.825424306855251810e-01
-8.825424306648208539e-01
-8.825424307866474027e-01
-8.825424310503949821e-01
-8.825424314521971292e-01
-8.825424319850603272e-01
-8.825424326391018148e-01
-8.825424334018812100e-01
-8.825424342588059634e-01
-8.825424351935877709e-01
-8.825424361887266311e-01
-8.825424372259965677e-01
-8.825424382869146989e-01
-8.825424393531731138e-01
-8.825424404070216777e-01
-8.825424414315919952e-01
-8.825424424111578681e-01
-8.825424433313350248e-01
-8.825424441792223407e-01
-8.825424449434909890e-01
-8.825424456144317364e-01
-8.825424461839683765e-01
-8.825424466456491812e-01
-8.825424469946228090e-01
-8.825424472276108823e-01
-8.825424473428803429e-01
-8.825424473402235792e-01
-8.825424472209462134e-01
-8.825424469878682121e-01
-8.825424466453312133e-01
-8.825424461992140701e-01
-8.825424456569485043e-01
-8.825424450275280996e-01
-8.825424443215033055e-01
-8.825424435509536814e-01
-8.825424427294228380e-01
-8.825424418718152975e-01
-8.825424409942375092e-01
-8.825424401137856867e-01
-8.825424392482682512e-01
-8.825424384158724322e-01
-8.825424376347731359e-01
-8.825424369226960719e-01
-8.825424362964523484e-01
-8.825424357714570789e-01
-8.825424353612596473e-01
-8.825424350771094995e-01
-8.825424349275725611e-01
-8.825424349182360295e-01
-8.825424350515020944e-01
-8.825424353264990085e-01
-8.825424357391025154e-01
-8.825424362820775137e-01
-8.825424369453235274e-01
-8.825424377162109923e-01
-8.825424385799948146e-01
-8.825424395202716710e-01
-8.825424405194650657e-01
-8.825424415593114968e-01
-8.825424426213274165e-01
-8.825424436872360001e-01
-8.825424447393460659e-01
-8.825424457608725959e-01
-8.825424467361899783e-01
-8.825424476510289606e-01
-8.825424484926112090e-01
-8.825424492497364604e-01
-8.825424499128265987e-01
-8.825424504739359799e-01
-8.825424509267419948e-01
-8.825424512665203114e-01
-8.825424514901176742e-01
-8.825424515959239269e-01
-8.825424515838526940e-01
-8.825424514553313893e-01
-8.825424512133007715e-01
-8.825424508622253805e-01
-8.825424504081080812e-01
-8.825424498585057176e-01
-8.825424492225367734e-01
-8.825424485108758210e-01
-8.825424477357222131e-01
-8.825424469107341352e-01
-8.825424460509179170e-01
-8.825424451724686037e-01
-8.825424442925500212e-01
-8.825424434290140008e-01
-8.825424426000624267e-01
-8.825424418238502211e-01
-8.825424411180480266e-01
-8.825424404993720273e-01
-8.825424399831052202e-01
-8.825424395826284574e-01
-8.825424393089880137e-01
-8.825424391705225524e-01
-8.825424391725689155e-01
-8.825424393172693893e-01
-8.825424396034886598e-01
-8.825424400268467862e-01
-8.825424405798688587e-01
-8.825424412522373530e-01
-8.825424420311380747e-01
-8.825424429016756056e-01
-8.825424438473341571e-01
-8.825424448504644026e-01
-8.825424458927687565e-01
-8.825424469557645590e-01
-8.825424480212087364e-01
-8.825424490714729453e-01
-8.825424500898551017e-01
-8.825424510608322892e-01
-8.825424519702507187e-01
-8.825424528054560680e-01
-8.825424535553767491e-01
-8.825424542105653192e-01
-8.825424547632066963e-01
-8.825424552071076123e-01
-8.825424555376708557e-01
-8.825424557518672941e-01
-8.825424558482097837e-01
-8.825424558267336295e-01
-8.825424556889868155e-01
-8.825424554380323361e-01
-8.825424550784572997e-01
-8.825424546163890271e-01
-8.825424540595078193e-01
-8.825424534170587254e-01
-8.825424526998402186e-01
-8.825424519201708895e-01
-8.825424510918213894e-01
-8.825424502299005214e-01
-8.825424493506895951e-01
-8.825424484714189388e-01
-8.825424476099814619e-01
-8.825424467845909282e-01
-8.825424460133798332e-01
-8.825424453139598668e-01
-8.825424447029501795e-01
-8.825424441954980992e-01
-8.825424438048125042e-01
-8.825424435417362767e-01
-8.825424434143764874e-01
-8.825424434278195118e-01
-8.825424435839469561e-01
-8.825424438813602723e-01
-8.825424443154249454e-01
-8.825424448784273679e-01
-8.825424455598360751e-01
-8.825424463466545744e-01
-8.825424472238392326e-01
-8.825424481747655703e-01
-8.825424491817150940e-01
-8.825424502263582438e-01
-8.825424512902164675e-01
-8.825424523550836620e-01
-8.825424534033939894e-01
-8.825424544185320741e-01
-8.825424553850784726e-01
-8.825424562889949698e-01
-8.825424571177522548e-01
-8.825424578604077475e-01
-8.825424585076441231e-01
-8.825424590517777501e-01
-8.825424594867441463e-01
-8.825424598080724436e-01
-8.825424600128587427e-01
-8.825424600997373581e-01
-8.825424600688658305e-01
-8.825424599219137134e-01
-8.825424596620647932e-01
-8.825424592940297464e-01
-8.825424588240587953e-01
-8.825424582599593615e-01
-8.825424576110995067e-01
-8.825424568884021603e-01
-8.825424561043051508e-01
-8.825424552726917060e-01
-8.825424544087707712e-01
-8.825424535289092542e-01
-8.825424526504016542e-01
-8.825424517911805156e-01
-8.825424509694677067e-01
-8.825424502033710761e-01
-8.825424495104399192e-01
-8.825424489071941325e-01
-8.825424484086418220e-01
-8.825424480278178940e-01
-8.825424477753575081e-01
-8.825424476591356981e-01
-8.825424476839875965e-01
-8.825424478515331295e-01
-8.825424481601106264e-01
-8.825424486048319972e-01
-8.825424491777467129e-01
-8.825424498681126995e-01
-8.825424506627513876e-01
-8.825424515464760367e-01
-8.825424525025565847e-01
-8.825424535132071480e-01
-8.825424545600701887e-01
-8.825424556246741492e-01
-8.825424566888508959e-01
-8.825424577351009825e-01
-8.825424587468957416e-01
-8.825424597089208678e-01
-8.825424606072553857e-01
-8.825424614294938852e-01
-8.825424621648243484e-01
-8.825424628040595687e-01
-8.825424633396468099e-01
-8.825424637656498206e-01
-8.825424640777248531e-01
-8.825424642730919089e-01
-8.825424643505082045e-01
-8.825424643102526279e-01
-8.825424641541148585e-01
-8.825424638854020287e-01
-8.825424635089467174e-01
-8.825424630311236029e-01
-8.825424624598652290e-01
-8.825424618046651126e-01
-8.825424610765690847e-01
-8.825424602881339897e-01
-8.825424594533539668e-01
-8.825424585875384365e-01
-8.825424577071375731e-01
-8.825424568295087147e-01
-8.825424559726205986e-01
-8.825424551547018659e-01
-8.825424543938324984e-01
-8.825424537074970655e-01
-8.825424531121114358e-01
-8.825424526225429389e-01
-8.825424522516485126e-01
-8.825424520098551495e-01
-8.825424519048027383e-01
-8.825424519410740576e-01
-8.825424521200264660e-01
-8.825424524397370574e-01
-8.825424528950640557e-01
-8.825424534778222307e-01
-8.825424541770594544e-01
-8.825424549794209650e-01
-8.825424558695780242e-01
-8.825424568306976525e-01
-8.825424578449313495e-01
-8.825424588938957093e-01
-8.825424599591282782e-01
-8.825424610225021116e-01
-8.825424620665851538e-01
-8.825424630749384436e-01
-8.825424640323530356e-01
-8.825424649250255271e-01
-8.825424657406761852e-01
-8.825424664686223331e-01
-8.825424670998079923e-01
-8.825424676268105451e-01
-8.825424680438224145e-01
-8.825424683466265297e-01
-8.825424685325662377e-01
-8.825424686005218788e-01
-8.825424685508931333e-01
-8.825424683855918051e-01
-8.825424681080461520e-01
-8.825424677232114323e-01
-8.825424672375876689e-01
-8.825424666592311951e-01
-8.825424659977619823e-01
-8.825424652643475421e-01
-8.825424644716644007e-01
-8.825424636338166096e-01
-8.825424627662123989e-01
-8.825424618853840997e-01
-8.825424610087491128e-01
-8.825424601543112590e-01
-8.825424593403031759e-01
-8.825424585847738701e-01
-8.825424579051398544e-01
-8.825424573177104159e-01
-8.825424568372080003e-01
-8.825424564763106883e-01
-8.825424562452333088e-01
-8.825424561513797173e-01
-8.825424561990792283e-01
-8.825424563894259666e-01
-8.825424567202362347e-01
-8.825424571861162359e-01
-8.825424577786473712e-01
-8.825424584866701228e-01
-8.825424592966555348e-01
-8.825424601931364244e-01
-8.825424611591808910e-01
-8.825424621768793720e-01
-8.825424632278258130e-01
-8.825424642935705277e-01
-8.825424653560296484e-01
-8.825424663978400641e-01
-8.825424674026538518e-01
-8.825424683553692029e-01
-8.825424692423007311e-01
-8.825424700512949361e-01
-8.825424707717988149e-01
-8.825424713948870625e-01
-8.825424719132674012e-01
-8.825424723212611511e-01
-8.825424726147770293e-01
-8.825424727912823952e-01
-8.825424728497800464e-01
-8.825424727907906775e-01
-8.825424726163475508e-01
-8.825424723300002716e-01
-8.825424719368282211e-01
-8.825424714434551010e-01
-8.825424708580626998e-01
-8.825424701903957780e-01
-8.825424694517448598e-01
-8.825424686549041553e-01
-8.825424678140874057e-01
-8.825424669448004300e-01
-8.825424660636560503e-01
-8.825424651881310645e-01
-8.825424643362612676e-01
-8.825424635262799633e-01
-8.825424627762025187e-01
-8.825424621033748362e-01
-8.825424615239960691e-01
-8.825424610526417801e-01
-8.825424607018068635e-01
-8.825424604814934293e-01
-8.825424603988665240e-01
-8.825424604580006660e-01
-8.825424606597287447e-01
-8.825424610016038285e-01
-8.825424614779822097e-01
-8.825424620802141407e-01
-8.825424627969356006e-01
-8.825424636144454382e-01
-8.825424645171412452e-01
-8.825424654879948649e-01
-8.825424665090395582e-01
-8.825424675618498416e-01
-8.825424686279901287e-01
-8.825424696894224041e-01
-8.825424707288552773e-01
-8.825424717300327515e-01
-8.825424726779607099e-01
-8.825424735590734482e-01
-8.825424743613434764e-01
-8.825424750743473545e-01
-8.825424756892916722e-01
-8.825424761990139366e-01
-8.825424765979632546e-01
-8.825424768821745758e-01
-8.825424770492394932e-01
-8.825424770982823741e-01
-8.825424770299454824e-01
-8.825424768463833169e-01
-8.825424765512676073e-01
-8.825424761498004145e-01
-8.825424756487308953e-01
-8.825424750563648502e-01
-8.825424743825730500e-01
-8.825424736387676994e-01
-8.825424728378608030e-01
-8.825424719941752372e-01
-8.825424711233125219e-01
-8.825424702419650824e-01
-8.825424693676657828e-01
-8.825424685184810603e-01
-8.825424677126421091e-01
-8.825424669681285472e-01
-8.825424663022112259e-01
-8.825424657309773879e-01
-8.825424652688516058e-01
-8.825424649281438105e-01
-8.825424647186401739e-01
-8.825424646472664891e-01
-8.825424647178411464e-01
-8.825424649309339120e-01
-8.825424652838376183e-01
-8.825424657706587572e-01
-8.825424663825182092e-01
-8.825424671078501149e-01
-8.825424679327839028e-01
-8.825424688415854924e-01
-8.825424698171323579e-01
-8.825424708414048025e-01
-8.825424718959596904e-01
-8.825424729623798648e-01
-8.825424740226746056e-01
-8.825424750596251311e-01
-8.825424760570697025e-01
-8.825424770001235597e-01
-8.825424778753396815e-01
-8.825424786708186975e-01
-8.825424793762663978e-01
-8.825424799830206002e-01
-8.825424804840485971e-01
-8.825424808739279481e-01
-8.825424811488195020e-01
-8.825424813064381979e-01
-8.825424813460305273e-01
-8.825424812683599907e-01
-8.825424810757021010e-01
-8.825424807718514897e-01
-8.825424803621328973e-01
-8.825424798534193815e-01
-8.825424792541439745e-01
-8.825424785742999045e-01
-8.825424778254232772e-01
-8.825424770205421154e-01
-8.825424761740875423e-01
-8.825424753017565571e-01
-8.825424744203184124e-01
-8.825424735473614835e-01
-8.825424727009789638e-01
-8.825424718993986062e-01
-8.825424711605599493e-01
-8.825424705016564619e-01
-8.825424699386601457e-01
-8.825424694858425845e-01
-8.825424691553248602e-01
-8.825424689566754299e-01
-8.825424688965792797e-01
-8.825424689785978938e-01
-8.825424692030381379e-01
-8.825424695669323860e-01
-8.825424700641392173e-01
-8.825424706855519164e-01
-8.825424714194047837e-01
-8.825424722516612697e-01
-8.825424731664575084e-01
-8.825424741465823786e-01
-8.825424751739636697e-01
-8.825424762301450343e-01
-8.825424772967289666e-01
-8.825424783557748176e-01
-8.825424793901394116e-01
-8.825424803837554899e-01
-8.825424813218483155e-01
-8.825424821910921036e-01
-8.825424829797134940e-01
-8.825424836775495052e-01
-8.825424842760685173e-01
-8.825424847683677188e-01
-8.825424851491527889e-01
-8.825424854147098097e-01
-8.825424855628773990e-01
-8.825424855930241730e-01
-8.825424855060344242e-01
-8.825424853043059015e-01
-8.825424849917540282e-01
-8.825424845738281121e-01
-8.825424840575253338e-01
-8.825424834514042916e-01
-8.825424827655826698e-01
-8.825424820117185876e-01
-8.825424812029557531e-01
-8.825424803538336471e-01
-8.825424794801419726e-01
-8.825424785987263654e-01
-8.825424777272281585e-01
-8.825424768837651923e-01
-8.825424760865587803e-01
-8.825424753535051625e-01
-8.825424747017189819e-01
-8.825424741470522250e-01
-8.825424737036202671e-01
-8.825424733833540092e-01
-8.825424731956020841e-01
-8.825424731468064499e-01
-8.825424732402709083e-01
-8.825424734760392020e-01
-8.825424738508846900e-01
-8.825424743584184828e-01
-8.825424749893082677e-01
-8.825424757315918356e-01
-8.825424765710685460e-01
-8.825424774917496329e-01
-8.825424784763353792e-01
-8.825424795067069450e-01
-8.825424805643962145e-01
-8.825424816310286635e-01
-8.825424826887160457e-01
-8.825424837203912354e-01
-8.825424847100835635e-01
-8.825424856431298704e-01
-8.825424865063256075e-01
-8.825424872880245353e-01
-8.825424879781936793e-01
-8.825424885684332033e-01
-8.825424890519699694e-01
-8.825424894236367779e-01
-8.825424896798452767e-01
-8.825424898185577627e-01
-8.825424898392646433e-01
-8.825424897429713367e-01
-8.825424895321967167e-01
-8.825424892109792196e-01
-8.825424887848909439e-01
-8.825424882610538591e-01
-8.825424876481520187e-01
-8.825424869564277852e-01
-8.825424861976602919e-01
-8.825424853851098206e-01
-8.825424845334212121e-01
-8.825424836584774280e-01
-8.825424827771979341e-01
