0.000000000000000000e+00
4.163336342344337027e-17
-4.163336342344337027e-17
-2.775557561562891351e-17
-1.110223024625156540e-16
-1.665334536937734811e-16
-5.551115123125782702e-17
-1.110223024625156540e-16
-1.665334536937734811e-16
-1.665334536937734811e-16
-2.220446049250313081e-16
-1.665334536937734811e-16
-2.775557561562891351e-16
-1.110223024625156540e-16
-1.110223024625156540e-16
-1.110223024625156540e-16
-1.110223024625156540e-16
0.000000000000000000e+00
0.000000000000000000e+00
0.000000000000000000e+00
0.000000000000000000e+00
0.000000000000000000e+00
1.110223024625156540e-16
1.110223024625156540e-16
0.000000000000000000e+00
1.110223024625156540e-16
1.110223024625156540e-16
0.000000000000000000e+00
0.000000000000000000e+00
1.110223024625156540e-16
2.220446049250313081e-16
2.220446049250313081e-16
2.220446049250313081e-16
2.220446049250313081e-16
1.110223024625156540e-16
1.110223024625156540e-16
2.220446049250313081e-16
1.110223024625156540e-16
2.220446049250313081e-16
1.110223024625156540e-16
1.110223024625156540e-16
1.110223024625156540e-16
0.000000000000000000e+00
-1.110223024625156540e-16
0.000000000000000000e+00
0.000000000000000000e+00
1.110223024625156540e-16
1.110223024625156540e-16
1.110223024625156540e-16
1.110223024625156540e-16
1.110223024625156540e-16
1.110223024625156540e-16
2.220446049250313081e-16
1.110223024625156540e-16
1.665334536937734811e-16
1.665334536937734811e-16
1.665334536937734811e-16
1.110223024625156540e-16
1.110223024625156540e-16
1.110223024625156540e-16
1.110223024625156540e-16
5.551115123125782702e-17
2.775557561562891351e-17
0.000000000000000000e+00
-2.775557561562891351e-17
0.000000000000000000e+00
-1.387778780781445676e-17
7.632783294297951215e-17
0.000000000000000000e+00
-2.775557561562891351e-17
-5.551115123125782702e-17
-5.551115123125782702e-17
-8.326672684688674053e-17
-5.551115123125782702e-17
-1.110223024625156540e-16
-1.110223024625156540e-16
-1.110223024625156540e-16
-1.665334536937734811e-16
-1.665334536937734811e-16
-2.220446049250313081e-16
-2.220446049250313081e-16
-2.220446049250313081e-16
-2.220446049250313081e-16
-3.330669073875469621e-16
-2.220446049250313081e-16
-2.220446049250313081e-16
-2.220446049250313081e-16
-2.220446049250313081e-16
-2.220446049250313081e-16
-2.220446049250313081e-16
-2.220446049250313081e-16
-2.220446049250313081e-16
-2.220446049250313081e-16
-2.220446049250313081e-16
-2.220446049250313081e-16
-2.220446049250313081e-16
-2.220446049250313081e-16
-2.220446049250313081e-16
-3.330669073875469621e-16
-2.220446049250313081e-16
-3.330669073875469621e-16
-2.220446049250313081e-16
-3.330669073875469621e-16
-2.220446049250313081e-16
-2.220446049250313081e-16
-1.110223024625156540e-16
-1.110223024625156540e-16
-1.110223024625156540e-16
-1.110223024625156540e-16
-1.110223024625156540e-16
0.000000000000000000e+00
0.000000000000000000e+00
0.000000000000000000e+00
1.110223024625156540e-16
0.000000000000000000e+00
0.000000000000000000e+00
0.000000000000000000e+00
-1.110223024625156540e-16
0.000000000000000000e+00
-1.110223024625156540e-16
-2.220446049250313081e-16
-2.220446049250313081e-16
-2.220446049250313081e-16
-1.110223024625156540e-16
-1.110223024625156540e-16
-1.110223024625156540e-16
-1.110223024625156540e-16
-1.110223024625156540e-16
-1.665334536937734811e-16
-5.551115123125782702e-17
-5.551115123125782702e-17
-5.551115123125782702e-17
2.775557561562891351e-17
6.938893903907228378e-17
-4.163336342344337027e-17
-9.020562075079396891e-17
-6.245004513516505540e-17
-1.595945597898662527e-16
-2.775557561562891351e-16
-2.498001805406602216e-16
-1.942890293094023946e-16
-2.775557561562891351e-16
-3.885780586188047891e-16
-2.775557561562891351e-16
-3.885780586188047891e-16
-4.996003610813204432e-16
-5.551115123125782702e-16
-4.996003610813204432e-16
-3.885780586188047891e-16
-4.440892098500626162e-16
-4.440892098500626162e-16
-4.440892098500626162e-16
-4.440892098500626162e-16
-4.440892098500626162e-16
-5.551115123125782702e-16
-4.440892098500626162e-16
-4.440892098500626162e-16
-4.440892098500626162e-16
-4.440892098500626162e-16
-3.330669073875469621e-16
-3.330669073875469621e-16
-3.330669073875469621e-16
-3.330669073875469621e-16
-3.330669073875469621e-16
-3.330669073875469621e-16
-3.330669073875469621e-16
-3.330669073875469621e-16
-3.330669073875469621e-16
-4.440892098500626162e-16
-4.440892098500626162e-16
-4.440892098500626162e-16
-5.551115123125782702e-16
-5.551115123125782702e-16
-5.551115123125782702e-16
-5.551115123125782702e-16
-6.661338147750939243e-16
-6.661338147750939243e-16
-6.661338147750939243e-16
-7.771561172376095783e-16
-7.771561172376095783e-16
-7.771561172376095783e-16
-6.661338147750939243e-16
-7.771561172376095783e-16
-7.771561172376095783e-16
-7.771561172376095783e-16
-7.771561172376095783e-16
-7.771561172376095783e-16
-8.326672684688674053e-16
-7.771561172376095783e-16
-7.216449660063517513e-16
-7.771561172376095783e-16
-7.771561172376095783e-16
-7.771561172376095783e-16
-7.771561172376095783e-16
-8.049116928532384918e-16
-8.326672684688674053e-16
-7.494005416219806648e-16
-7.771561172376095783e-16
-7.702172233337023499e-16
-7.632783294297951215e-16
-6.730727086790011526e-16
-6.938893903907228378e-16
-6.938893903907228378e-16
-6.661338147750939243e-16
-6.938893903907228378e-16
-7.216449660063517513e-16
-7.216449660063517513e-16
-7.771561172376095783e-16
-7.771561172376095783e-16
-7.771561172376095783e-16
-7.771561172376095783e-16
-7.771561172376095783e-16
-8.881784197001252323e-16
-8.881784197001252323e-16
-9.992007221626408864e-16
-9.992007221626408864e-16
-1.110223024625156540e-15
-1.110223024625156540e-15
-1.110223024625156540e-15
-9.992007221626408864e-16
-9.992007221626408864e-16
-9.992007221626408864e-16
-1.110223024625156540e-15
-1.110223024625156540e-15
-9.992007221626408864e-16
-9.992007221626408864e-16
-1.110223024625156540e-15
-8.881784197001252323e-16
-8.881784197001252323e-16
-9.992007221626408864e-16
-9.992007221626408864e-16
-9.992007221626408864e-16
-8.881784197001252323e-16
-8.881784197001252323e-16
-6.661338147750939243e-16
-8.881784197001252323e-16
-8.881784197001252323e-16
-8.881784197001252323e-16
-8.881784197001252323e-16
-8.881784197001252323e-16
-8.881784197001252323e-16
-8.881784197001252323e-16
-7.771561172376095783e-16
-8.881784197001252323e-16
-8.881784197001252323e-16
-8.881784197001252323e-16
-8.881784197001252323e-16
-7.771561172376095783e-16
-7.771561172376095783e-16
-7.771561172376095783e-16
-7.771561172376095783e-16
-8.881784197001252323e-16
-7.771561172376095783e-16
-8.881784197001252323e-16
-8.881784197001252323e-16
-7.771561172376095783e-16
-5.551115123125782702e-16
-6.661338147750939243e-16
-5.551115123125782702e-16
-6.661338147750939243e-16
-6.106226635438360972e-16
-5.551115123125782702e-16
-6.106226635438360972e-16
-6.106226635438360972e-16
-4.996003610813204432e-16
-6.106226635438360972e-16
-5.551115123125782702e-16
-4.996003610813204432e-16
-6.106226635438360972e-16
-6.938893903907228378e-16
-6.800116025829083810e-16
-6.938893903907228378e-16
-6.730727086790011526e-16
-7.008282842946300661e-16
-6.661338147750939243e-16
-7.216449660063517513e-16
-7.494005416219806648e-16
-8.881784197001252323e-16
-8.881784197001252323e-16
-8.326672684688674053e-16
-8.881784197001252323e-16
-9.436895709313830594e-16
-8.881784197001252323e-16
-8.881784197001252323e-16
-9.992007221626408864e-16
-9.992007221626408864e-16
-8.881784197001252323e-16
-9.992007221626408864e-16
-8.881784197001252323e-16
-8.881784197001252323e-16
-9.992007221626408864e-16
-9.992007221626408864e-16
-9.992007221626408864e-16
-9.992007221626408864e-16
-9.992007221626408864e-16
-9.992007221626408864e-16
-8.881784197001252323e-16
-8.881784197001252323e-16
-8.881784197001252323e-16
-9.992007221626408864e-16
-8.881784197001252323e-16
-8.881784197001252323e-16
-7.771561172376095783e-16
-8.881784197001252323e-16
-8.881784197001252323e-16
-8.881784197001252323e-16
-8.881784197001252323e-16
-9.992007221626408864e-16
-9.992007221626408864e-16
-9.992007221626408864e-16
-8.881784197001252323e-16
-9.992007221626408864e-16
-9.992007221626408864e-16
-9.992007221626408864e-16
-9.992007221626408864e-16
-9.992007221626408864e-16
-9.992007221626408864e-16
-9.992007221626408864e-16
-9.992007221626408864e-16
-9.992007221626408864e-16
-9.992007221626408864e-16
-1.054711873393898713e-15
-1.054711873393898713e-15
-1.110223024625156540e-15
-1.110223024625156540e-15
-1.110223024625156540e-15
-1.054711873393898713e-15
-1.082467449009527627e-15
-1.110223024625156540e-15
-1.137978600240785454e-15
-1.221245327087672194e-15
-1.221245327087672194e-15
-1.193489751472043281e-15
-1.179611963664228824e-15
-1.214306433183764966e-15
-1.165734175856414367e-15
-1.221245327087672194e-15
-1.276756478318930021e-15
-1.276756478318930021e-15
-1.332267629550187849e-15
-1.332267629550187849e-15
-1.332267629550187849e-15
-1.332267629550187849e-15
-1.276756478318930021e-15
-1.276756478318930021e-15
-1.221245327087672194e-15
-1.332267629550187849e-15
-1.221245327087672194e-15
-1.332267629550187849e-15
-1.332267629550187849e-15
-1.221245327087672194e-15
-1.332267629550187849e-15
-1.332267629550187849e-15
-1.443289932012703503e-15
-1.443289932012703503e-15
-1.443289932012703503e-15
-1.443289932012703503e-15
-1.443289932012703503e-15
-1.443289932012703503e-15
-1.443289932012703503e-15
-1.554312234475219157e-15
-1.443289932012703503e-15
-1.554312234475219157e-15
-1.554312234475219157e-15
-1.554312234475219157e-15
-1.554312234475219157e-15
-1.554312234475219157e-15
-1.554312234475219157e-15
-1.776356839400250465e-15
-1.554312234475219157e-15
-1.554312234475219157e-15
-1.554312234475219157e-15
-1.554312234475219157e-15
-1.554312234475219157e-15
-1.554312234475219157e-15
-1.554312234475219157e-15
-1.554312234475219157e-15
-1.554312234475219157e-15
-1.554312234475219157e-15
-1.776356839400250465e-15
-1.665334536937734811e-15
-1.665334536937734811e-15
-1.665334536937734811e-15
-1.554312234475219157e-15
-1.665334536937734811e-15
-1.665334536937734811e-15
-1.665334536937734811e-15
-1.554312234475219157e-15
-1.443289932012703503e-15
-1.443289932012703503e-15
-1.443289932012703503e-15
-1.554312234475219157e-15
-1.665334536937734811e-15
-1.665334536937734811e-15
-1.554312234475219157e-15
-1.554312234475219157e-15
-1.443289932012703503e-15
-1.498801083243961330e-15
-1.554312234475219157e-15
-1.609823385706476984e-15
-1.665334536937734811e-15
-1.720845688168992638e-15
-1.609823385706476984e-15
-1.637578961322105897e-15
-1.582067810090848070e-15
-1.526556658859590243e-15
-1.471045507628332416e-15
-1.380839886877538447e-15
-1.436351038108796274e-15
-1.471045507628332416e-15
-1.443289932012703503e-15
-1.360023205165816762e-15
-1.332267629550187849e-15
-1.387778780781445676e-15
-1.443289932012703503e-15
-1.332267629550187849e-15
-1.332267629550187849e-15
-1.332267629550187849e-15
-1.221245327087672194e-15
-1.276756478318930021e-15
-1.276756478318930021e-15
-1.221245327087672194e-15
-1.221245327087672194e-15
-1.110223024625156540e-15
-1.221245327087672194e-15
-1.221245327087672194e-15
-1.221245327087672194e-15
-1.221245327087672194e-15
-1.221245327087672194e-15
-1.221245327087672194e-15
-1.110223024625156540e-15
-1.221245327087672194e-15
-1.221245327087672194e-15
-1.332267629550187849e-15
-1.332267629550187849e-15
-1.221245327087672194e-15
-1.221245327087672194e-15
-1.221245327087672194e-15
-1.221245327087672194e-15
-1.332267629550187849e-15
-1.332267629550187849e-15
-1.443289932012703503e-15
-1.332267629550187849e-15
-1.443289932012703503e-15
-1.332267629550187849e-15
-1.332267629550187849e-15
-1.221245327087672194e-15
-1.332267629550187849e-15
-1.332267629550187849e-15
-1.221245327087672194e-15
-1.332267629550187849e-15
-1.332267629550187849e-15
-1.443289932012703503e-15
-1.443289932012703503e-15
-1.443289932012703503e-15
-1.387778780781445676e-15
-1.443289932012703503e-15
-1.443289932012703503e-15
-1.554312234475219157e-15
-1.554312234475219157e-15
-1.554312234475219157e-15
-1.582067810090848070e-15
-1.554312234475219157e-15
-1.526556658859590243e-15
-1.526556658859590243e-15
-1.554312234475219157e-15
-1.568190022283033613e-15
-1.575128916186940842e-15
-1.540434446667404700e-15
-1.554312234475219157e-15
-1.554312234475219157e-15
-1.554312234475219157e-15
-1.471045507628332416e-15
-1.443289932012703503e-15
-1.443289932012703503e-15
-1.443289932012703503e-15
-1.443289932012703503e-15
-1.443289932012703503e-15
-1.443289932012703503e-15
-1.332267629550187849e-15
-1.332267629550187849e-15
-1.332267629550187849e-15
-1.221245327087672194e-15
-1.221245327087672194e-15
-1.332267629550187849e-15
-1.221245327087672194e-15
-1.221245327087672194e-15
-1.221245327087672194e-15
-1.221245327087672194e-15
-1.332267629550187849e-15
-1.332267629550187849e-15
-1.443289932012703503e-15
-1.332267629550187849e-15
-1.332267629550187849e-15
-1.443289932012703503e-15
-1.332267629550187849e-15
-1.332267629550187849e-15
-1.554312234475219157e-15
-1.554312234475219157e-15
-1.332267629550187849e-15
-1.332267629550187849e-15
-1.554312234475219157e-15
-1.554312234475219157e-15
-1.776356839400250465e-15
-1.554312234475219157e-15
-1.554312234475219157e-15
-1.554312234475219157e-15
-1.554312234475219157e-15
-1.776356839400250465e-15
-1.554312234475219157e-15
-1.776356839400250465e-15
-1.554312234475219157e-15
-1.776356839400250465e-15
-1.776356839400250465e-15
-1.554312234475219157e-15
-1.554312234475219157e-15
-1.665334536937734811e-15
-1.665334536937734811e-15
-1.554312234475219157e-15
-1.443289932012703503e-15
-1.443289932012703503e-15
-1.554312234475219157e-15
-1.665334536937734811e-15
-1.665334536937734811e-15
-1.554312234475219157e-15
-1.554312234475219157e-15
-1.443289932012703503e-15
-1.443289932012703503e-15
-1.332267629550187849e-15
-1.332267629550187849e-15
-1.221245327087672194e-15
-1.221245327087672194e-15
-1.221245327087672194e-15
-1.221245327087672194e-15
-1.110223024625156540e-15
-1.165734175856414367e-15
-1.110223024625156540e-15
-1.137978600240785454e-15
-1.165734175856414367e-15
-1.193489751472043281e-15
-1.221245327087672194e-15
-1.221245327087672194e-15
-1.151856388048599911e-15
-1.179611963664228824e-15
-1.214306433183764966e-15
-1.193489751472043281e-15
-1.193489751472043281e-15
-1.193489751472043281e-15
-1.276756478318930021e-15
-1.332267629550187849e-15
-1.332267629550187849e-15
-1.387778780781445676e-15
-1.387778780781445676e-15
-1.387778780781445676e-15
-1.443289932012703503e-15
-1.387778780781445676e-15
-1.387778780781445676e-15
-1.443289932012703503e-15
-1.443289932012703503e-15
-1.554312234475219157e-15
-1.554312234475219157e-15
-1.554312234475219157e-15
-1.554312234475219157e-15
-1.554312234475219157e-15
-1.554312234475219157e-15
-1.554312234475219157e-15
-1.554312234475219157e-15
-1.554312234475219157e-15
-1.554312234475219157e-15
-1.554312234475219157e-15
-1.554312234475219157e-15
-1.554312234475219157e-15
-1.554312234475219157e-15
-1.665334536937734811e-15
-1.665334536937734811e-15
-1.665334536937734811e-15
-1.665334536937734811e-15
-1.665334536937734811e-15
-1.665334536937734811e-15
-1.665334536937734811e-15
-1.665334536937734811e-15
-1.665334536937734811e-15
-1.665334536937734811e-15
-1.665334536937734811e-15
-1.776356839400250465e-15
-1.665334536937734811e-15
-1.665334536937734811e-15
-1.665334536937734811e-15
-1.609823385706476984e-15
-1.609823385706476984e-15
-1.609823385706476984e-15
-1.609823385706476984e-15
-1.554312234475219157e-15
-1.554312234475219157e-15
-1.554312234475219157e-15
-1.498801083243961330e-15
-1.443289932012703503e-15
-1.443289932012703503e-15
-1.443289932012703503e-15
-1.471045507628332416e-15
-1.484923295436146873e-15
-1.582067810090848070e-15
-1.484923295436146873e-15
-1.526556658859590243e-15
-1.498801083243961330e-15
-1.443289932012703503e-15
-1.443289932012703503e-15
-1.332267629550187849e-15
-1.387778780781445676e-15
-1.276756478318930021e-15
-1.221245327087672194e-15
-1.165734175856414367e-15
-1.110223024625156540e-15
-1.110223024625156540e-15
-1.110223024625156540e-15
-1.221245327087672194e-15
-1.221245327087672194e-15
-1.332267629550187849e-15
-1.332267629550187849e-15
-1.332267629550187849e-15
-1.332267629550187849e-15
-1.221245327087672194e-15
-1.221245327087672194e-15
-1.221245327087672194e-15
-1.332267629550187849e-15
-1.332267629550187849e-15
-1.221245327087672194e-15
-1.221245327087672194e-15
-1.332267629550187849e-15
-1.332267629550187849e-15
-1.332267629550187849e-15
-1.332267629550187849e-15
-1.332267629550187849e-15
-1.332267629550187849e-15
-1.332267629550187849e-15
-1.110223024625156540e-15
-1.332267629550187849e-15
-1.332267629550187849e-15
-1.332267629550187849e-15
-1.332267629550187849e-15
-1.110223024625156540e-15
-1.332267629550187849e-15
-1.332267629550187849e-15
-1.332267629550187849e-15
-1.332267629550187849e-15
-1.332267629550187849e-15
-1.332267629550187849e-15
-1.554312234475219157e-15
-1.554312234475219157e-15
-1.776356839400250465e-15
-1.776356839400250465e-15
-1.776356839400250465e-15
-1.776356839400250465e-15
-1.665334536937734811e-15
-1.554312234475219157e-15
-1.554312234475219157e-15
-1.554312234475219157e-15
-1.554312234475219157e-15
-1.554312234475219157e-15
-1.554312234475219157e-15
-1.332267629550187849e-15
-1.332267629550187849e-15
-1.221245327087672194e-15
-1.332267629550187849e-15
-1.332267629550187849e-15
-1.221245327087672194e-15
-1.221245327087672194e-15
-1.332267629550187849e-15
-1.332267629550187849e-15
-1.332267629550187849e-15
-1.221245327087672194e-15
-1.276756478318930021e-15
-1.221245327087672194e-15
-1.165734175856414367e-15
-1.137978600240785454e-15
-1.151856388048599911e-15
-1.151856388048599911e-15
-1.096345236817342084e-15
-1.096345236817342084e-15
-1.082467449009527627e-15
-1.082467449009527627e-15
-1.110223024625156540e-15
-1.054711873393898713e-15
-9.436895709313830594e-16
-9.436895709313830594e-16
-9.436895709313830594e-16
-9.992007221626408864e-16
-9.992007221626408864e-16
-1.054711873393898713e-15
-1.054711873393898713e-15
-1.054711873393898713e-15
-9.992007221626408864e-16
-1.054711873393898713e-15
-8.881784197001252323e-16
-8.881784197001252323e-16
-8.881784197001252323e-16
-8.881784197001252323e-16
-8.881784197001252323e-16
-8.881784197001252323e-16
-8.881784197001252323e-16
-8.881784197001252323e-16
-8.881784197001252323e-16
-8.881784197001252323e-16
-8.881784197001252323e-16
-9.992007221626408864e-16
-9.992007221626408864e-16
-9.992007221626408864e-16
-8.881784197001252323e-16
-8.881784197001252323e-16
-8.881784197001252323e-16
-8.881784197001252323e-16
-9.992007221626408864e-16
-9.992007221626408864e-16
-8.881784197001252323e-16
-8.881784197001252323e-16
-8.881784197001252323e-16
-8.881784197001252323e-16
-8.881784197001252323e-16
-8.881784197001252323e-16
-7.771561172376095783e-16
-8.881784197001252323e-16
-7.771561172376095783e-16
-8.326672684688674053e-16
-8.326672684688674053e-16
-8.326672684688674053e-16
-8.881784197001252323e-16
-8.881784197001252323e-16
-8.881784197001252323e-16
-8.881784197001252323e-16
-8.881784197001252323e-16
-8.881784197001252323e-16
-9.714451465470119729e-16
-9.436895709313830594e-16
-9.436895709313830594e-16
-9.506284648352902877e-16
-9.714451465470119729e-16
-9.783840404509192012e-16
-9.853229343548264296e-16
-1.054711873393898713e-15
-1.054711873393898713e-15
-9.436895709313830594e-16
-8.326672684688674053e-16
-8.326672684688674053e-16
-7.771561172376095783e-16
-8.326672684688674053e-16
-7.216449660063517513e-16
-7.216449660063517513e-16
-7.771561172376095783e-16
-8.881784197001252323e-16
-9.992007221626408864e-16
-9.992007221626408864e-16
-9.992007221626408864e-16
-9.992007221626408864e-16
-9.992007221626408864e-16
-1.110223024625156540e-15
-1.221245327087672194e-15
-1.110223024625156540e-15
-9.992007221626408864e-16
-1.110223024625156540e-15
-1.110223024625156540e-15
-1.110223024625156540e-15
-1.110223024625156540e-15
-1.110223024625156540e-15
-1.110223024625156540e-15
-1.110223024625156540e-15
-1.110223024625156540e-15
-1.110223024625156540e-15
-1.110223024625156540e-15
-1.110223024625156540e-15
-1.332267629550187849e-15
-1.332267629550187849e-15
-1.554312234475219157e-15
-1.554312234475219157e-15
-1.554312234475219157e-15
-1.554312234475219157e-15
-1.554312234475219157e-15
-1.554312234475219157e-15
-1.554312234475219157e-15
-1.554312234475219157e-15
-1.776356839400250465e-15
-1.554312234475219157e-15
-1.554312234475219157e-15
-1.554312234475219157e-15
-1.332267629550187849e-15
-1.332267629550187849e-15
-1.554312234475219157e-15
-1.443289932012703503e-15
-1.443289932012703503e-15
-1.443289932012703503e-15
-1.443289932012703503e-15
-1.443289932012703503e-15
-1.443289932012703503e-15
-1.554312234475219157e-15
-1.554312234475219157e-15
-1.554312234475219157e-15
-1.443289932012703503e-15
-1.443289932012703503e-15
-1.443289932012703503e-15
-1.554312234475219157e-15
-1.554312234475219157e-15
-1.554312234475219157e-15
-1.554312234475219157e-15
-1.554312234475219157e-15
-1.498801083243961330e-15
-1.554312234475219157e-15
-1.554312234475219157e-15
-1.554312234475219157e-15
-1.637578961322105897e-15
-1.637578961322105897e-15
-1.609823385706476984e-15
-1.665334536937734811e-15
-1.582067810090848070e-15
-1.582067810090848070e-15
-1.595945597898662527e-15
-1.582067810090848070e-15
-1.595945597898662527e-15
-1.637578961322105897e-15
-1.693090112553363724e-15
-1.748601263784621551e-15
-1.776356839400250465e-15
-1.831867990631508292e-15
-1.831867990631508292e-15
-1.831867990631508292e-15
-1.776356839400250465e-15
-1.776356839400250465e-15
-1.776356839400250465e-15
-1.776356839400250465e-15
-1.665334536937734811e-15
-1.887379141862766119e-15
-1.887379141862766119e-15
-1.887379141862766119e-15
-1.776356839400250465e-15
-1.665334536937734811e-15
-1.665334536937734811e-15
-1.665334536937734811e-15
-1.665334536937734811e-15
-1.776356839400250465e-15
-1.665334536937734811e-15
-1.665334536937734811e-15
-1.665334536937734811e-15
-1.665334536937734811e-15
-1.776356839400250465e-15
-1.776356839400250465e-15
-1.776356839400250465e-15
-1.665334536937734811e-15
-1.776356839400250465e-15
-1.776356839400250465e-15
-1.665334536937734811e-15
-1.665334536937734811e-15
-1.554312234475219157e-15
-1.554312234475219157e-15
-1.665334536937734811e-15
-1.554312234475219157e-15
-1.554312234475219157e-15
-1.665334536937734811e-15
-1.665334536937734811e-15
-1.720845688168992638e-15
-1.665334536937734811e-15
-1.665334536937734811e-15
-1.665334536937734811e-15
-1.609823385706476984e-15
-1.554312234475219157e-15
-1.443289932012703503e-15
-1.554312234475219157e-15
-1.637578961322105897e-15
-1.609823385706476984e-15
-1.609823385706476984e-15
-1.595945597898662527e-15
-1.554312234475219157e-15
-1.561251128379126385e-15
-1.547373340571311928e-15
-1.623701173514291440e-15
-1.554312234475219157e-15
-1.526556658859590243e-15
-1.471045507628332416e-15
-1.554312234475219157e-15
-1.498801083243961330e-15
-1.498801083243961330e-15
-1.498801083243961330e-15
-1.609823385706476984e-15
-1.665334536937734811e-15
-1.776356839400250465e-15
-1.776356839400250465e-15
-1.887379141862766119e-15
-1.887379141862766119e-15
-1.887379141862766119e-15
-1.887379141862766119e-15
-1.887379141862766119e-15
-1.998401444325281773e-15
-1.887379141862766119e-15
-1.998401444325281773e-15
-1.887379141862766119e-15
-1.776356839400250465e-15
-1.776356839400250465e-15
-1.776356839400250465e-15
-1.665334536937734811e-15
-1.665334536937734811e-15
-1.776356839400250465e-15
-1.998401444325281773e-15
-1.998401444325281773e-15
-2.220446049250313081e-15
-1.998401444325281773e-15
-1.998401444325281773e-15
-1.776356839400250465e-15
-1.776356839400250465e-15
-1.998401444325281773e-15
-1.998401444325281773e-15
-1.998401444325281773e-15
-1.998401444325281773e-15
-1.998401444325281773e-15
-1.998401444325281773e-15
-1.776356839400250465e-15
-1.776356839400250465e-15
-1.776356839400250465e-15
-1.776356839400250465e-15
-1.776356839400250465e-15
-1.776356839400250465e-15
-1.554312234475219157e-15
-1.554312234475219157e-15
-1.554312234475219157e-15
-1.554312234475219157e-15
-1.554312234475219157e-15
-1.443289932012703503e-15
-1.443289932012703503e-15
-1.443289932012703503e-15
-1.554312234475219157e-15
-1.554312234475219157e-15
-1.554312234475219157e-15
-1.554312234475219157e-15
-1.554312234475219157e-15
-1.443289932012703503e-15
-1.554312234475219157e-15
-1.554312234475219157e-15
-1.554312234475219157e-15
-1.665334536937734811e-15
-1.554312234475219157e-15
-1.609823385706476984e-15
-1.609823385706476984e-15
-1.554312234475219157e-15
-1.554312234475219157e-15
-1.609823385706476984e-15
-1.609823385706476984e-15
-1.637578961322105897e-15
-1.609823385706476984e-15
-1.582067810090848070e-15
-1.595945597898662527e-15
-1.672273430841642039e-15
-1.686151218649456496e-15
-1.741662369880714323e-15
-1.762479051592436008e-15
-1.748601263784621551e-15
-1.831867990631508292e-15
-1.859623566247137205e-15
-1.887379141862766119e-15
-1.887379141862766119e-15
-1.831867990631508292e-15
-1.887379141862766119e-15
-1.887379141862766119e-15
-1.887379141862766119e-15
-1.942890293094023946e-15
-1.942890293094023946e-15
-1.998401444325281773e-15
-1.998401444325281773e-15
-2.109423746787797427e-15
-2.109423746787797427e-15
-2.220446049250313081e-15
-2.109423746787797427e-15
-2.109423746787797427e-15
-2.109423746787797427e-15
-2.109423746787797427e-15
-2.220446049250313081e-15
-2.109423746787797427e-15
-2.109423746787797427e-15
-2.109423746787797427e-15
-2.109423746787797427e-15
-1.998401444325281773e-15
-1.998401444325281773e-15
-2.109423746787797427e-15
-2.220446049250313081e-15
-2.109423746787797427e-15
-2.220446049250313081e-15
-2.109423746787797427e-15
-2.109423746787797427e-15
-2.109423746787797427e-15
-1.998401444325281773e-15
-1.998401444325281773e-15
-1.887379141862766119e-15
-1.887379141862766119e-15
-1.998401444325281773e-15
-1.998401444325281773e-15
-1.998401444325281773e-15
-1.942890293094023946e-15
-1.942890293094023946e-15
-1.887379141862766119e-15
-1.887379141862766119e-15
-1.887379141862766119e-15
-1.942890293094023946e-15
-1.942890293094023946e-15
-1.942890293094023946e-15
