-1.500000000000000000e+00
-1.500000000061726402e+00
-1.500000000074075412e+00
-1.500000000038267167e+00
-1.499999999956188379e+00
-1.499999999830391451e+00
-1.499999999664092254e+00
-1.499999999461162137e+00
-1.499999999226117042e+00
-1.499999998964094639e+00
-1.499999998680820790e+00
-1.499999998382560484e+00
-1.499999998076047225e+00
-1.499999997768395987e+00
-1.499999997466989532e+00
-1.499999997179345845e+00
-1.499999996912962263e+00
-1.499999996675142944e+00
-1.499999996472814123e+00
-1.499999996312334272e+00
-1.499999996199306906e+00
-1.499999996138404512e+00
-1.499999996133214886e+00
-1.499999996186118567e+00
-1.499999996298203353e+00
-1.499999996469221442e+00
-1.499999996697595206e+00
-1.499999996980467154e+00
-1.499999997313793410e+00
-1.499999997692476494e+00
-1.499999998110524757e+00
-1.499999998561237335e+00
-1.499999999037396670e+00
-1.499999999531463679e+00
-1.500000000035768055e+00
-1.500000000542683676e+00
-1.500000001044783815e+00
-1.500000001534978589e+00
-1.500000002006623534e+00
-1.500000002453608650e+00
-1.500000002870421456e+00
-1.500000003252194958e+00
-1.500000003594735176e+00
-1.500000003894535805e+00
-1.500000004148786648e+00
-1.500000004355370509e+00
-1.500000004512858975e+00
-1.500000004620507088e+00
-1.500000004678247123e+00
-1.500000004686682598e+00
-1.500000004647087826e+00
-1.500000004561402367e+00
-1.500000004432232359e+00
-1.500000004262846076e+00
-1.500000004057167269e+00
-1.500000003819762950e+00
-1.500000003555818751e+00
-1.500000003271106275e+00
-1.500000002971930702e+00
-1.500000002665059506e+00
-1.500000002357633644e+00
-1.500000002057052750e+00
-1.500000001770838143e+00
-1.500000001506478053e+00
-1.500000001271254213e+00
-1.500000001072053779e+00
-1.500000000915181930e+00
-1.500000000806173128e+00
-1.500000000749618811e+00
-1.500000000749013740e+00
-1.500000000806638090e+00
-1.500000000923472632e+00
-1.500000001099162983e+00
-1.500000001332026489e+00
-1.500000001619105738e+00
-1.500000001956268036e+00
-1.500000002338337080e+00
-1.500000002759258377e+00
-1.500000003212282218e+00
-1.500000003690157513e+00
-1.500000004185328306e+00
-1.500000004690121180e+00
-1.500000005196920672e+00
-1.500000005698323147e+00
-1.500000006187269141e+00
-1.500000006657155716e+00
-1.500000007101917276e+00
-1.500000007516092859e+00
-1.500000007894867649e+00
-1.500000008234102289e+00
-1.500000008530347095e+00
-1.500000008780846494e+00
-1.500000008983539024e+00
-1.500000009137051560e+00
-1.500000009240693544e+00
-1.500000009294450765e+00
-1.500000009298981585e+00
-1.500000009255612277e+00
-1.500000009166337023e+00
-1.500000009033814585e+00
-1.500000008861366751e+00
-1.500000008652968564e+00
-1.500000008413237662e+00
-1.500000008147409192e+00
-1.500000007861298723e+00
-1.500000007561250959e+00
-1.500000007254068235e+00
-1.500000006946915931e+00
-1.500000006647208339e+00
-1.500000006362470772e+00
-1.500000006100181693e+00
-1.500000005867597297e+00
-1.500000005671565884e+00
-1.500000005518337565e+00
-1.500000005413377080e+00
-1.500000005361193267e+00
-1.500000005365187628e+00
-1.500000005427538863e+00
-1.500000005549120941e+00
-1.500000005729472896e+00
-1.500000005966806604e+00
-1.500000006258066954e+00
-1.500000006599031543e+00
-1.500000006984448131e+00
-1.500000007408198943e+00
-1.500000007863486751e+00
-1.500000008343029378e+00
-1.500000008839254440e+00
-1.500000009344487184e+00
-1.500000009851123028e+00
-1.500000010351781654e+00
-1.500000010839437348e+00
-1.500000011307526027e+00
-1.500000011750029394e+00
-1.500000012161536445e+00
-1.500000012537285876e+00
-1.500000012873193178e+00
-1.500000013165863955e+00
-1.500000013412598809e+00
-1.500000013611391347e+00
-1.500000013760923734e+00
-1.500000013860559367e+00
-1.500000013910338437e+00
-1.500000013910972596e+00
-1.500000013863842074e+00
-1.500000013770993901e+00
-1.500000013635140572e+00
-1.500000013459656056e+00
-1.500000013248568687e+00
-1.500000013006545174e+00
-1.500000012738869293e+00
-1.500000012451401465e+00
-1.500000012150525919e+00
-1.500000011843077186e+00
-1.500000011536245959e+00
-1.500000011237460296e+00
-1.500000010954248175e+00
-1.500000010694076291e+00
-1.500000010464175748e+00
-1.500000010271353545e+00
-1.500000010121803395e+00
-1.500000010020920538e+00
-1.500000009973129211e+00
-1.500000009981736993e+00
-1.500000010048820442e+00
-1.500000010175147835e+00
-1.500000010360149405e+00
-1.500000010601933997e+00
-1.500000010897347691e+00
-1.500000011242081266e+00
-1.500000011630805652e+00
-1.500000012057342014e+00
-1.500000012514847381e+00
-1.500000012996008492e+00
-1.500000013493238527e+00
-1.500000013998861847e+00
-1.500000014505286972e+00
-1.500000015005156895e+00
-1.500000015491479433e+00
-1.500000015957731581e+00
-1.500000016397942115e+00
-1.500000016806749770e+00
-1.500000017179447864e+00
-1.500000017512005845e+00
-1.500000017801085495e+00
-1.500000018044042926e+00
-1.500000018238927035e+00
-1.500000018384474609e+00
-1.500000018480104114e+00
-1.500000018525909473e+00
-1.500000018522655854e+00
-1.500000018471777219e+00
-1.500000018375373889e+00
-1.500000018236211208e+00
-1.500000018057716655e+00
-1.500000017843969413e+00
-1.500000017599687485e+00
-1.500000017330202162e+00
-1.500000017041418054e+00
-1.500000016739758246e+00
-1.500000016432090355e+00
-1.500000016125627722e+00
-1.500000015827812394e+00
-1.500000015546173238e+00
-1.500000015288165400e+00
-1.500000015060992453e+00
-1.500000014871419429e+00
-1.500000014725582753e+00
-1.500000014628805722e+00
-1.500000014585427976e+00
-1.500000014598662723e+00
-1.500000014670483495e+00
-1.500000014801551540e+00
-1.500000014991190733e+00
-1.500000015237405337e+00
-1.500000015536945286e+00
-1.500000015885413207e+00
-1.500000016277405646e+00
-1.500000016706683592e+00
-1.500000017166359001e+00
-1.500000017649090411e+00
-1.500000018147275682e+00
-1.500000018653240730e+00
-1.500000019159407394e+00
-1.500000019658443762e+00
-1.500000020143391399e+00
-1.500000020607768825e+00
-1.500000021045651444e+00
-1.500000021451730170e+00
-1.500000021821350504e+00
-1.500000022150538070e+00
-1.500000022436009939e+00
-1.500000022675177291e+00
-1.500000022866144977e+00
-1.500000023007704852e+00
-1.500000023099328894e+00
-1.500000023141165428e+00
-1.500000023134033356e+00
-1.500000023079419709e+00
-1.500000022979478542e+00
-1.500000022837028935e+00
-1.500000022655550103e+00
-1.500000022439173186e+00
-1.500000022192667259e+00
-1.500000021921410465e+00
-1.500000021631351155e+00
-1.500000021328951494e+00
-1.500000021021110630e+00
-1.500000020715064331e+00
-1.500000020418267743e+00
-1.500000020138250179e+00
-1.500000019882452573e+00
-1.500000019658050743e+00
-1.500000019471765977e+00
-1.500000019329676970e+00
-1.500000019237033522e+00
-1.500000019198090229e+00
-1.500000019215964819e+00
-1.500000019292526687e+00
-1.500000019428331832e+00
-1.500000019622595993e+00
-1.500000019873219959e+00
-1.500000020176857518e+00
-1.500000020529024702e+00
-1.500000020924245003e+00
-1.500000021356220348e+00
-1.500000021818018947e+00
-1.500000022302270919e+00
-1.500000022801362132e+00
-1.500000023307620722e+00
-1.500000023813481853e+00
-1.500000024311639590e+00
-1.500000024795170805e+00
-1.500000025257635539e+00
-1.500000025693156491e+00
-1.500000026096475869e+00
-1.500000026462993130e+00
-1.500000026788788743e+00
-1.500000027070635733e+00
-1.500000027306001016e+00
-1.500000027493044730e+00
-1.500000027630612909e+00
-1.500000027718232598e+00
-1.500000027756105414e+00
-1.500000027745104214e+00
-1.500000027686769988e+00
-1.500000027583309636e+00
-1.500000027437595085e+00
-1.500000027253158397e+00
-1.500000027034183336e+00
-1.500000026785487384e+00
-1.500000026512497087e+00
-1.500000026221204319e+00
-1.500000025918109436e+00
-1.500000025610141785e+00
-1.500000025304560225e+00
-1.500000025008830784e+00
-1.500000024730482551e+00
-1.500000024476941363e+00
-1.500000024255353726e+00
-1.500000024072396965e+00
-1.500000023934088933e+00
-1.500000023845606822e+00
-1.500000023811118188e+00
-1.500000023833643947e+00
-1.500000023914950908e+00
-1.500000024055487824e+00
-1.500000024254363407e+00
-1.500000024509374974e+00
-1.500000024817081279e+00
-1.500000025172913087e+00
-1.500000025571320617e+00
-1.500000026005948728e+00
-1.500000026469822556e+00
-1.500000026955546240e+00
-1.500000027455494322e+00
-1.500000027961997162e+00
-1.500000028467506130e+00
-1.500000028964741050e+00
-1.500000029446813876e+00
-1.500000029907328170e+00
-1.500000030340453927e+00
-1.500000030740984203e+00
-1.500000031104373299e+00
-1.500000031426756975e+00
-1.500000031704962877e+00
-1.500000031936514100e+00
-1.500000032119626070e+00
-1.500000032253199445e+00
-1.500000032336816114e+00
-1.500000032370730985e+00
-1.500000032355870871e+00
-1.500000032293829832e+00
-1.500000032186868726e+00
-1.500000032037912101e+00
-1.500000031850544424e+00
-1.500000031629001862e+00
-1.500000031378150966e+00
-1.500000031103465803e+00
-1.500000030810981322e+00
-1.500000030507235405e+00
-1.500000030199187595e+00
-1.500000029894118736e+00
-1.500000029599505291e+00
-1.500000029322873907e+00
-1.500000029071634877e+00
-1.500000028852904510e+00
-1.500000028673314389e+00
-1.500000028538821306e+00
-1.500000028454526735e+00
-1.500000028424512077e+00
-1.500000028451700995e+00
-1.500000028537756158e+00
-1.500000028683018627e+00
-1.500000028886491421e+00
-1.500000029145869052e+00
-1.500000029457614570e+00
-1.500000029817074587e+00
-1.500000030218629377e+00
-1.500000030655864514e+00
-1.500000031121766719e+00
-1.500000031608913043e+00
-1.500000032109668702e+00
-1.500000032616367385e+00
-1.500000033121476672e+00
-1.500000033617744810e+00
-1.500000034098318613e+00
-1.500000034556844497e+00
-1.500000034987541309e+00
-1.500000035385253838e+00
-1.500000035745490123e+00
-1.500000036064440767e+00
-1.500000036338989595e+00
-1.500000036566715655e+00
-1.500000036745888998e+00
-1.500000036875465348e+00
-1.500000036955080329e+00
-1.500000036985043250e+00
-1.500000036966334438e+00
-1.500000036900601241e+00
-1.500000036790157587e+00
-1.500000036637981982e+00
-1.500000036447711071e+00
-1.500000036223631206e+00
-1.500000035970661116e+00
-1.500000035694319944e+00
-1.500000035400685938e+00
-1.500000035096333617e+00
-1.500000034788252945e+00
-1.500000034483744749e+00
-1.500000034190295040e+00
-1.500000033915428244e+00
-1.500000033666538002e+00
-1.500000033450707981e+00
-1.500000033274522693e+00
-1.500000033143876976e+00
-1.500000033063796812e+00
-1.500000033038275227e+00
-1.500000033070137295e+00
-1.500000033160942881e+00
-1.500000033310925129e+00
-1.500000033518980036e+00
-1.500000033782700637e+00
-1.500000034098455393e+00
-1.500000034461507425e+00
-1.500000034866167287e+00
-1.500000035305965707e+00
-1.500000035773847884e+00
-1.500000036262367775e+00
-1.500000036763881495e+00
-1.500000037270727393e+00
-1.500000037775391259e+00
-1.500000038270647984e+00
-1.500000038749681686e+00
-1.500000039206182523e+00
-1.500000039634417082e+00
-1.500000040029282999e+00
-1.500000040386341604e+00
-1.500000040701839232e+00
-1.500000040972715887e+00
-1.500000041196605460e+00
-1.500000041371833293e+00
-1.500000041497410397e+00
-1.500000041573025467e+00
-1.500000041599043099e+00
-1.500000041576496024e+00
-1.500000041507085324e+00
-1.500000041393179107e+00
-1.500000041237807169e+00
-1.500000041044660559e+00
-1.500000040818076030e+00
-1.500000040563021608e+00
-1.500000040285063507e+00
-1.500000039990321943e+00
-1.500000039685408293e+00
-1.500000039377341388e+00
-1.500000039073442260e+00
-1.500000038781205358e+00
-1.500000038508150668e+00
-1.500000038261654067e+00
-1.500000038048766360e+00
-1.500000037876023651e+00
-1.500000037749257942e+00
-1.500000037673417497e+00
-1.500000037652406748e+00
-1.500000037688952848e+00
-1.500000037784510187e+00
-1.500000037939204223e+00
-1.500000038151825699e+00
-1.500000038419865511e+00
-1.500000038739599528e+00
-1.500000039106207605e+00
-1.500000039513930350e+00
-1.500000039956246090e+00
-1.500000040426060721e+00
-1.500000040915904886e+00
-1.500000041418127372e+00
-1.500000041925072081e+00
-1.500000042429243452e+00
-1.500000042923445021e+00
-1.500000043400898209e+00
-1.500000043855336918e+00
-1.500000044281076583e+00
-1.500000044673067245e+00
-1.500000045026924189e+00
-1.500000045338949484e+00
-1.500000045606138421e+00
-1.500000045826180850e+00
-1.500000045997456732e+00
-1.500000046119032149e+00
-1.500000046190650194e+00
-1.500000046212728755e+00
-1.500000046186354297e+00
-1.500000046113281638e+00
-1.500000045995931508e+00
-1.500000045837387885e+00
-1.500000045641393109e+00
-1.500000045412335892e+00
-1.500000045155233108e+00
-1.500000044875697380e+00
-1.500000044579891112e+00
-1.500000044274461430e+00
-1.500000043966455365e+00
-1.500000043663213045e+00
-1.500000043372236913e+00
-1.500000043101041847e+00
-1.500000042856984628e+00
-1.500000042647081422e+00
-1.500000042477819484e+00
-1.500000042354965313e+00
-1.500000042283390123e+00
-1.500000042266907752e+00
-1.500000042308146986e+00
-1.500000042408456524e+00
-1.500000042567855463e+00
-1.500000042785027521e+00
-1.500000043057362786e+00
-1.500000043381044534e+00
-1.500000043751171130e+00
-1.500000044161915458e+00
-1.500000044606702332e+00
-1.500000045078400568e+00
-1.500000045569520157e+00
-1.500000046072401894e+00
-1.500000046579397672e+00
-1.500000047083030363e+00
-1.500000047576133699e+00
-1.500000048051966406e+00
-1.500000048504306349e+00
-1.500000048927518925e+00
-1.500000049316605910e+00
-1.500000049667237878e+00
-1.500000049975771077e+00
-1.500000050239257643e+00
-1.500000050455442047e+00
-1.500000050622760650e+00
-1.500000050740333268e+00
-1.500000050807956953e+00
-1.500000050826103326e+00
-1.500000050795913031e+00
-1.500000050719193956e+00
-1.500000050598419898e+00
-1.500000050436728571e+00
-1.500000050237913607e+00
-1.500000050006415675e+00
-1.500000049747300501e+00
-1.500000049466226670e+00
-1.500000049169398331e+00
-1.500000048863497693e+00
-1.500000048555599985e+00
-1.500000048253063323e+00
-1.500000047963396588e+00
-1.500000047694108440e+00
-1.500000047452535679e+00
-1.500000047245658941e+00
-1.500000047079914189e+00
-1.500000046961003086e+00
-1.500000046893717354e+00
-1.500000046881780680e+00
-1.500000046927721487e+00
-1.500000047032783668e+00
-1.500000047196878628e+00
-1.500000047418584614e+00
-1.500000047695190908e+00
-1.500000048022788635e+00
-1.500000048396396224e+00
-1.500000048810119946e+00
-1.500000049257332435e+00
-1.500000049730866758e+00
-1.500000050223212256e+00
-1.500000050726704393e+00
-1.500000051233703058e+00
-1.500000051736751105e+00
-1.500000052228712022e+00
-1.500000052702883835e+00
-1.500000053153089041e+00
-1.500000053573742331e+00
-1.500000053959897883e+00
-1.500000054307281117e+00
-1.500000054612303790e+00
-1.500000054872073330e+00
-1.500000055084390160e+00
-1.500000055247745490e+00
-1.500000055361313311e+00
-1.500000055424945522e+00
-1.500000055439167035e+00
-1.500000055405172450e+00
-1.500000055324822723e+00
-1.500000055200645388e+00
-1.500000055035830115e+00
-1.500000054834223828e+00
-1.500000054600317601e+00
-1.500000054339226896e+00
-1.500000054056655374e+00
-1.500000053758847596e+00
-1.500000053452521964e+00
-1.500000053144779910e+00
-1.500000052842996867e+00
-1.500000052554687713e+00
-1.500000052287353780e+00
-1.500000052048309884e+00
-1.500000051844501137e+00
-1.500000051682310653e+00
-1.500000051567373482e+00
-1.500000051504401410e+00
-1.500000051497026421e+00
-1.500000051547677238e+00
-1.500000051657491174e+00
-1.500000051826273495e+00
-1.500000052052495425e+00
-1.500000052333347655e+00
-1.500000052664829164e+00
-1.500000053041880221e+00
-1.500000053458540261e+00
-1.500000053908132180e+00
-1.500000054383453962e+00
-1.500000054876976074e+00
-1.500000055381029096e+00
-1.500000055887982908e+00
-1.500000056390400127e+00
-1.500000056881175770e+00
-1.500000057353647165e+00
-1.500000057801681885e+00
-1.500000058219743693e+00
-1.500000058602940944e+00
-1.500000058947052128e+00
-1.500000059248545847e+00
-1.500000059504584149e+00
-1.500000059713023859e+00
-1.500000059872410363e+00
-1.500000059981972722e+00
-1.500000060041617234e+00
-1.500000060051921880e+00
-1.500000060014134551e+00
-1.500000059930170604e+00
-1.500000059802609975e+00
-1.500000059634695848e+00
-1.500000059430326882e+00
-1.500000059194045665e+00
-1.500000058931015623e+00
-1.500000058646986156e+00
-1.500000058348242460e+00
-1.500000058041537132e+00
-1.500000057733997805e+00
-1.500000057433016565e+00
-1.500000057146113175e+00
-1.500000056880780530e+00
-1.500000056644311019e+00
-1.500000056443610674e+00
-1.500000056285010430e+00
-1.500000056174077834e+00
-1.500000056115442959e+00
-1.500000056112645641e+00
-1.500000056168013352e+00
-1.500000056282578376e+00
-1.500000056456037179e+00
-1.500000056686757510e+00
-1.500000056971829476e+00
-1.500000057307162571e+00
-1.500000057687618238e+00
-1.500000058107171963e+00
-1.500000058559096683e+00
-1.500000059036157740e+00
-1.500000059530806951e+00
-1.500000060035372229e+00
-1.500000060542232783e+00
-1.500000061043973876e+00
-1.500000061533521833e+00
-1.500000062004253065e+00
-1.500000062450081106e+00
-1.500000062865520789e+00
-1.500000063245731763e+00
-1.500000063586548471e+00
-1.500000063884494583e+00
-1.500000064136788103e+00
-1.500000064341340922e+00
-1.500000064496753938e+00
-1.500000064602310390e+00
-1.500000064657970089e+00
-1.500000064664366084e+00
-1.500000064622799112e+00
-1.500000064535237154e+00
-1.500000064404313882e+00
-1.500000064233326214e+00
-1.500000064026224322e+00
-1.500000063787600979e+00
-1.500000063522668237e+00
-1.500000063237220793e+00
-1.500000062937584699e+00
-1.500000062630545639e+00
-1.500000062323256778e+00
-1.500000062023125746e+00
-1.500000061737676749e+00
-1.500000061474392243e+00
-1.500000061240541305e+00
-1.500000061042990662e+00
-1.500000060888016851e+00
-1.500000060781118361e+00
-1.500000060726842666e+00
-1.500000060728637674e+00
-1.500000060788729161e+00
-1.500000060908042832e+00
-1.500000061086168124e+00
-1.500000061321367983e+00
-1.500000061610633484e+00
-1.500000061949785302e+00
-1.500000062333606721e+00
-1.500000062756010610e+00
-1.500000063210221946e+00
-1.500000063688973650e+00
-1.500000064184700665e+00
-1.500000064689729129e+00
-1.500000065196448906e+00
-1.500000065697467910e+00
-1.500000066185745551e+00
-1.500000066654697761e+00
-1.500000067098284706e+00
-1.500000067511070068e+00
-1.500000067888268562e+00
-1.500000068225768812e+00
-1.500000068520149776e+00
-1.500000068768685413e+00
-1.500000068969342459e+00
-1.500000069120777102e+00
-1.500000069222327426e+00
-1.500000069274007419e+00
-1.500000069276502090e+00
-1.500000069231167465e+00
-1.500000069140024817e+00
-1.500000069005760661e+00
-1.500000068831724320e+00
-1.500000068621918370e+00
-1.500000068380986429e+00
-1.500000068114188956e+00
-1.500000067827364836e+00
-1.500000067526879199e+00
-1.500000067219552147e+00
-1.500000066912561492e+00
-1.500000066613329741e+00
-1.500000066329382653e+00
-1.500000066068193583e+00
-1.500000065837004737e+00
-1.500000065642643765e+00
-1.500000065491331913e+00
-1.500000065388496839e+00
-1.500000065338603417e+00
-1.500000065345004963e+00
-1.500000065409826000e+00
-1.500000065533886096e+00
-1.500000065716666997e+00
-1.500000065956326845e+00
-1.500000066249759012e+00
-1.500000066592695358e+00
-1.500000066979843449e+00
-1.500000067405053761e+00
-1.500000067861505082e+00
-1.500000068341898363e+00
-1.500000068838653888e+00
-1.500000069344096243e+00
-1.500000069850627504e+00
-1.500000070350880010e+00
-1.500000070837844479e+00
-1.500000071304979032e+00
-1.500000071746289132e+00
-1.500000072156390640e+00
-1.500000072530550010e+00
-1.500000072864711154e+00
-1.500000073155508984e+00
-1.500000073400273415e+00
-1.500000073597026251e+00
-1.500000073744478746e+00
-1.500000073842022719e+00
-1.500000073889726782e+00
-1.500000073888330121e+00
-1.500000073839240944e+00
-1.500000073744534701e+00
-1.500000073606951201e+00
-1.500000073429891945e+00
-1.500000073217412577e+00
-1.500000072974206011e+00
-1.500000072705580667e+00
-1.500000072417420727e+00
-1.500000072116130401e+00
-1.500000071808561986e+00
-1.500000071501917276e+00
-1.500000071203632324e+00
-1.500000070921235773e+00
-1.500000070662188101e+00
-1.500000070433706423e+00
-1.500000070242575312e+00
-1.500000070094960058e+00
-1.500000069996216823e+00
-1.500000069950727433e+00
-1.500000069961749505e+00
-1.500000070031305421e+00
-1.500000070160107946e+00
-1.500000070347532244e+00
-1.500000070591632095e+00
-1.500000070889203174e+00
-1.500000071235890520e+00
-1.500000071626325759e+00
-1.500000072054298750e+00
-1.500000072512942761e+00
-1.500000072994929212e+00
-1.500000073492663955e+00
-1.500000073998471573e+00
-1.500000074504767245e+00
-1.500000075004207289e+00
-1.500000075489817064e+00
-1.500000075955095102e+00
-1.500000076394094162e+00
-1.500000076801480731e+00
-1.500000077172574997e+00
-1.500000077503375939e+00
-1.500000077790573982e+00
-1.500000078031554107e+00
-1.500000078224394517e+00
-1.500000078367860423e+00
-1.500000078461398934e+00
-1.500000078505131729e+00
-1.500000078499851952e+00
-1.500000078447021767e+00
-1.500000078348769250e+00
-1.500000078207888166e+00
-1.500000078027832195e+00
-1.500000077812708721e+00
-1.500000077567261503e+00
-1.500000077296846479e+00
-1.500000077007391575e+00
-1.500000076705340302e+00
-1.500000076397576265e+00
-1.500000076091325241e+00
-1.500000075794036380e+00
-1.500000075513237885e+00
-1.500000075256378018e+00
-1.500000075030646585e+00
-1.500000074842785747e+00
-1.500000074698901065e+00
-1.500000074604278311e+00
-1.500000074563213381e+00
-1.500000074578868636e+00
-1.500000074653164095e+00
-1.500000074786705717e+00
-1.500000074978760978e+00
-1.500000075227279961e+00
-1.500000075528962640e+00
-1.500000075879365902e+00
-1.500000076273048322e+00
-1.500000076703739804e+00
-1.500000077164528989e+00
-1.500000077648059760e+00
-1.500000078146724203e+00
-1.500000078652848012e+00
-1.500000079158860800e+00
-1.500000079657444196e+00
-1.500000080141657310e+00
-1.500000080605040864e+00
-1.500000081041694688e+00
-1.500000081446336342e+00
-1.500000081814339747e+00
-1.500000082141759172e+00
-1.500000082425340331e+00
-1.500000082662524381e+00
-1.500000082851444372e+00
-1.500000082990920358e+00
-1.500000083080454294e+00
-1.500000083120220928e+00
-1.500000083111067806e+00
-1.500000083054509936e+00
-1.500000082952730018e+00
-1.500000082808573110e+00
-1.500000082625546849e+00
-1.500000082407810131e+00
-1.500000082160156900e+00
-1.500000081887990611e+00
-1.500000081597282264e+00
-1.500000081294514231e+00
-1.500000080986601203e+00
-1.500000080680792047e+00
-1.500000080384547019e+00
-1.500000080105394762e+00
-1.500000079850769552e+00
-1.500000079627831662e+00
-1.500000079443279732e+00
-1.500000079303160705e+00
-1.500000079212685966e+00
-1.500000079176065704e+00
-1.500000079196367242e+00
-1.500000079275405795e+00
-1.500000079413681409e+00
-1.500000079610354087e+00
-1.500000079863271329e+00
-1.500000080169036742e+00
-1.500000080523121060e+00
-1.500000080920010470e+00
-1.500000081353376036e+00
-1.500000081816263320e+00
-1.500000082301289339e+00
-1.500000082800833967e+00
-1.500000083307225562e+00
-1.500000083812908613e+00
-1.500000084310590287e+00
-1.500000084793364996e+00
-1.500000085254815874e+00
-1.500000085689090490e+00
-1.500000086090957474e+00
-1.500000086455844706e+00
-1.500000086779861741e+00
-1.500000087059809584e+00
-1.500000087293185347e+00
-1.500000087478177369e+00
-1.500000087613660771e+00
-1.500000087699190354e+00
-1.500000087734996379e+00
-1.500000087721979680e+00
-1.500000087661708559e+00
-1.500000087556418560e+00
-1.500000087409008476e+00
-1.500000087223039014e+00
-1.500000087002719251e+00
-1.500000086752894202e+00
-1.500000086479014616e+00
-1.500000086187094794e+00
-1.500000085883654632e+00
-1.500000085575639464e+00
-1.500000085270319694e+00
-1.500000084975167347e+00
-1.500000084697709068e+00
-1.500000084445364479e+00
-1.500000084225263208e+00
-1.500000084044059268e+00
-1.500000083907738979e+00
-1.500000083821439567e+00
-1.500000083789283956e+00
-1.500000083814242657e+00
-1.500000083898027858e+00
-1.500000084041032355e+00
-1.500000084242309351e+00
-1.500000084499602870e+00
-1.500000084809421264e+00
-1.500000085167151109e+00
-1.500000085567206209e+00
-1.500000086003201005e+00
-1.500000086468139315e+00
-1.500000086954611067e+00
-1.500000087454986808e+00
-1.500000087961597339e+00
-1.500000088466903136e+00
-1.500000088963638678e+00
-1.500000089444934126e+00
-1.500000089904415024e+00
-1.500000090336276681e+00
-1.500000090735339464e+00
-1.500000091097085431e+00
-1.500000091417679204e+00
-1.500000091693977966e+00
-1.500000091923534118e+00
-1.500000092104591065e+00
-1.500000092236078331e+00
-1.500000092317605782e+00
-1.500000092349457415e+00
-1.500000092332586910e+00
-1.500000092268616747e+00
-1.500000092159835541e+00
-1.500000092009195818e+00
-1.500000091820309578e+00
-1.500000091597438967e+00
-1.500000091345477404e+00
-1.500000091069923158e+00
-1.500000090776833606e+00
-1.500000090472765724e+00
-1.500000090164695266e+00
-1.500000089859913288e+00
-1.500000089565901806e+00
-1.500000089290185468e+00
-1.500000089040167239e+00
-1.500000088822945443e+00
-1.500000088645127905e+00
-1.500000088512639218e+00
-1.500000088430541334e+00
-1.500000088402869469e+00
-1.500000088432496881e+00
-1.500000088521030950e+00
-1.500000088668758114e+00
-1.500000088874624105e+00
-1.500000089136271475e+00
-1.500000089450113094e+00
-1.500000089811452719e+00
-1.500000090214632653e+00
-1.500000090653211160e+00
-1.500000091120152312e+00
-1.500000091608021613e+00
-1.500000092109178951e+00
-1.500000092615960234e+00
-1.500000093120842592e+00
-1.500000093616587815e+00
-1.500000094096362702e+00
-1.500000094553836094e+00
-1.500000094983251264e+00
-1.500000095379481424e+00
-1.500000095738061923e+00
-1.500000096055212451e+00
-1.500000096327846588e+00
-1.500000096553571138e+00
-1.500000096730685906e+00
-1.500000096858175036e+00
-1.500000096935702354e+00
-1.500000096963605367e+00
-1.500000096942891714e+00
-1.500000096875237388e+00
-1.500000096762983626e+00
-1.500000096609136913e+00
-1.500000096417361872e+00
-1.500000096191971055e+00
-1.500000095937908728e+00
-1.500000095660718902e+00
-1.500000095366501807e+00
-1.500000095061851280e+00
-1.500000094753771940e+00
